-96.48427145000369,277.9498173453728
499.73598626018173,72.64764907496021
-87.56721202983393,276.5896834369974
480.97374640545274,94.91251295060921
510.92473881041144,88.67617638347734
-33.5983090202745,-109.22897650931762
476.7888155825682,103.60997931598271
-28.99760120558513,-118.682819240065
-37.985042467369105,-117.19615167080545
477.4126840118421,84.33111893791441
494.3646782137222,85.90485611036988
-93.3739606655603,263.9612083602851
-49.02560110822039,-110.44386257689114
-92.1874979056149,264.6683043793965
-106.87462737947453,281.8588539107123
-90.03741806272174,284.28292802160564
-119.37909833038574,279.1545032884093
481.55009954375527,76.29539794870522
-36.39386302871885,-112.16831301139878
-7.948423117828128,-110.95939051453902
-48.36482355607871,-114.8432671597812
-28.42648835286773,-117.83558990919784
492.0929379094266,96.96738620722455
497.81952880613665,82.22291275532497
-39.10769348463269,-112.6370522512343
-95.15317761015777,278.7377250316802
-43.41285557137774,-122.3211611880356
-39.05936038031451,-113.34917267187423
499.20076261157436,96.14840517791517
-91.91065736655838,255.56879351403586
-90.10423834350695,268.5015720863285
517.6815209680846,90.30309717272618
-80.56181855585537,272.62436709233293
-104.3120276220833,268.9150621702137
-37.95750911470044,-112.63982294719132
-84.26030589831996,307.3795574404448
499.76594022935757,87.05197398590218
-67.06749167740647,-100.09354153156801
-71.84963179866759,272.9798820291152
502.0535229205946,91.10621313258899
510.47017549714144,98.79474274928644
-100.4999240897656,268.8620659953297
-100.4942628814858,303.0338668828337
-97.68649272315324,280.593056880942
-91.55427764089401,270.36858972925125
-94.83141587412311,278.70265113917196
-28.4290948454979,-112.7979250233883
-31.764417607558343,-117.55481820288212
-88.74434316467064,290.8574179867557
493.4300217491173,78.4922057368126
-103.00256633498829,266.85208017278853
485.94881113296145,87.70526723939352
-79.06256479860465,277.5131971306729
-86.97672065442177,279.36904725545526
-87.3491036353837,283.02913625060967
449.84791328397904,107.07171135312163
-77.88839457563586,279.94675127312223
458.21326179888615,104.27467006694144
-41.30120956215257,-110.66799706888416
-52.63200951788231,-106.32601158098056
-47.359001146969604,-100.8247811962683
-61.59494438489037,-110.84155096329398
-80.57921322910543,268.41550573141785
-93.49162568991667,289.30817173670636
-117.78199257275833,281.155478960953
-42.55631237629271,-118.9491887985018
476.1813187577785,77.1494165598769
500.97640699871965,68.50822931578763
479.3391252839049,83.32837661823473
491.9585303261722,96.52569631405439
-96.44167784533943,277.7657085629465
-95.05698741212491,260.57437698683077
-89.61834345542108,268.5372114909248
-80.3087933093027,279.0653633046026
-96.72456304094217,280.2672353829166
500.6179791035869,101.79921375356429
481.69572380121025,84.83172980461592
501.301389156599,91.96470587296602
-73.85973896893152,286.5512176346404
-86.17256081032772,286.1808232049213
484.42398995109556,93.58603255909391
493.4356511748762,95.64461490374093
-41.000883924393634,-118.527394651256
-50.69808960480181,-112.12337666478943
-114.84715557105784,256.77244041796877
-49.50916751692541,-110.90871311469552
-37.63456745757932,-108.48483818194167
-94.40299179227654,252.55056845394355
-77.01360313887135,-99.17483550933395
-28.190797038249663,-115.06524561542547
-38.37573579599766,-109.63528072866153
493.5387860673751,94.99229338934444
505.60967962919267,88.03998079872154
488.817962906317,88.79285710668576
-55.104476619673385,-111.87614611297143
-90.09272464001445,278.28406709497
-44.99011124824136,-113.97913148321979
498.849204949059,81.28248746897359
500.7831838366757,97.42439059216574
-26.496339422077433,-108.10669004305846
-114.03707702198808,273.51441987163116
-103.6114022865611,269.93202201696533
-20.966224674733848,-105.74707246423283
-96.75503249801503,283.58032821659873
476.57066694002685,105.41998734384713
488.81729389440056,88.48042781938635
-41.02256275080671,-112.55365466605284
-46.00696050178269,-114.52409789753123
470.8684413449322,107.28905326548856
-125.92049975785616,260.23467298525884
-47.3603263388724,-118.02572446202404
482.1716861342578,106.33985548831825
460.2717191059364,76.78079910776412
-62.59488267788406,-116.76541956111303
-46.04077408231123,-108.98847772563101
-26.725041349991137,-93.2829731126409
492.76047509358034,84.80030184263353
-38.507519234767756,-126.65423425531331
-4.29221663690565,-127.3382885491373
-20.430692348238885,-116.50597219171547
-116.11532480299095,277.280711994038
-45.16135592593418,-108.12460550660265
-83.89942430409836,271.0716403883406
-119.00097187554132,286.0110143424001
-38.5216525418568,-107.20211449260529
-31.218318341238685,-127.8190778209754
-46.098159916926825,-108.69854971227733
478.5413659904261,105.29542719401474
490.5343174254676,87.37128289523271
-20.689397463351252,-119.89252360387177
-16.11270317739555,-114.99127299128908
-99.96956951812501,265.9189613888121
-46.75843642262638,-107.99704149596943
-60.68324451099899,-119.24949445901214
-79.04122760166192,285.05193172589674
-96.55826175333713,278.0954556699025
473.65011253651875,80.38098757477992
504.63482248925294,101.53595598658198
-85.57589809513959,279.69514561156944
-61.594791272596495,-112.01986440351635
9.073473477063018,-122.31378893173712
-54.12839029683471,-112.15500089909007
-91.68251026482456,323.2251549912148
475.47259080137496,104.51846531884766
-108.13381121523963,281.23578467147377
476.40412035564555,97.23310347910143
-29.17546498246898,-128.65052514012754
486.0282667681414,81.35783514173946
496.13688255691955,87.75647494517425
-34.82388235650526,-112.40772225139801
-43.15721368501849,-119.0190359992764
-92.93156806738673,260.1762164962795
502.5246612536948,85.78427593329901
-101.10518518079128,278.69714778498013
-101.55905597172712,270.5874625023591
503.09821795681125,80.12430585200664
489.46879998287125,91.81839439261209
-83.26834920190845,273.9180064357336
-70.4154954138586,283.8957465331917
497.9806600718392,98.64260242470294
-96.63728944892283,283.0680468719215
488.4342164220072,88.04161243466118
-71.16049418031758,-107.01672536107465
-39.3779226779125,-106.7004483267026
-102.7947419118501,250.68978702786796
-41.90252181267005,-118.15482626953123
-103.62031916149145,272.7132487697975
499.4162140846346,95.41078042771002
469.2659198599597,86.64111220544966
-66.25098015672936,-111.91345042323124
485.47532575488844,92.92040421229333
-33.65646519011076,-114.79952571996364
517.4802271683882,97.142441994631
-57.077796442522285,-107.99758613001586
498.87585374600513,87.43026765238328
509.26001887531237,81.18889711611888
499.8518822474427,102.36492780971935
-35.43361976585972,-117.29063109970399
479.67774887107186,87.48461626631293
458.75844719047143,87.46674073533646
475.77194687422156,93.91019650001984
-77.48609998487754,293.1715663929229
-91.98041341648162,284.792543573031
-41.02170285035313,-107.74028903473473
-36.68361204475698,-121.45822789624307
-86.76690199460035,272.69614359382376
-8.790306270201427,-120.75865664528328
-34.41076681005151,-110.14989569741459
-61.608350356624584,-115.66649444918177
492.57077435781764,93.76426386285749
-33.39880024046184,-115.16498164193911
-69.31831643648006,-118.37220228845646
-98.65943036681085,275.1800389533269
-50.477566934581006,-112.89199014268326
495.0529234800866,84.63699100326008
-85.94106886327296,284.6350549616137
-24.582669292454526,-108.72355300679239
-37.75785173505442,-112.39077566681368
-45.61651360339096,-117.24723245039779
-98.453858028462,256.408552309079
492.0214257161997,92.5406789104331
477.1806297301098,107.75779257183073
-32.93452299532436,-116.46768345860949
-62.77064514677208,-119.82575361947053
-46.327466376834394,-115.610622517666
-108.98403116928245,261.27802224909647
-72.23006299458865,280.6863303884845
-102.31994297561508,261.97599711334993
-58.114479574938606,270.72528855470557
-36.40040371389618,-118.16914342184187
493.19205369083903,97.56074623602372
-100.57297786253021,269.3704277023087
520.8345547474762,97.1665980323276
-59.852391250262166,-117.8926875669764
-128.10057147659427,275.64169353020003
-108.79212364963908,277.1327707556289
502.85478415400144,89.82867227768276
-100.66513721441783,278.5081040743297
-44.03967564258051,-117.04465364347698
-15.490114973137342,-110.0289737611583
474.8509698350366,91.39032401218846
-45.87642225468094,-111.27479450548448
485.00143426710105,92.33097692361079
-24.37902535995812,-100.78502506241648
-90.19811274715427,265.2313141164791
498.7861729731224,84.99401917678664
-80.86513893094894,291.05055801984105
471.26778470773996,88.96884935871407
-31.19530580277405,-109.70141889050142
-98.23695459689579,269.42612549673186
-109.55972676389615,280.49737090178695
-44.338367271075484,-120.66914673925814
-110.98187947329652,277.91533719139795
-31.087888381863053,-116.47510676399585
-91.66721699303248,276.42611304807167
-1.0358924944374124,-105.0783337994229
474.85216664489377,98.02384747727402
-68.10499908239997,284.23884786192446
487.2950923329128,90.36355102699576
477.3951723494899,86.48517629586435
497.7245914901489,100.16977320902154
-108.75114054707596,283.02340073427564
-87.22574355810764,300.0446469317618
-88.66074918795394,280.7480155625769
493.4272573950831,90.62788857248356
485.61079700252196,67.63353998622605
-44.84870491524275,-104.75136499805308
485.004545768667,100.83357069927347
488.8179004883284,82.36186242920756
496.8166177032456,100.52226028100942
-76.42024096516113,313.24089882065675
478.42916201496314,94.60637603135383
-91.88857286834254,281.43737882205954
467.9389291177468,85.39754533032365
-38.39181193424728,-109.10121549381361
-25.682518253949972,-105.1238075072029
-88.30516247151382,291.66618505381643
-80.31317785454631,277.621547622215
490.8673953799979,83.86347126726423
-108.01826298698188,269.1129754455588
-36.38906019358819,-120.10809801510945
-54.73297356002103,-109.63873997840402
474.1040013383973,97.90772634213741
488.83752918227833,88.03496596409133
-73.21052043762134,-112.54083471671836
486.11899989779005,93.99892151568702
-85.7309476113732,264.5694744376705
511.2521254010198,97.42427679150983
481.4637934812616,92.94864092665992
-113.1915944584687,291.73722332438115
-11.361649053560512,-116.11684495783493
514.1426724808606,84.94023283266424
-49.47988571621928,-122.31936277592584
-101.71247507990151,286.9018077123657
-90.61891095204554,282.28340449059283
-38.79420901087074,-104.36001297704115
-28.60949918482895,-108.74869284020923
-97.72223103277707,278.1465810171091
-33.28765772390338,-111.99414547444191
468.0793316337243,91.95405746112424
-23.11786757115885,-122.00655906622816
493.8726731579081,84.07887272350689
458.4152385913001,89.12718161009441
-79.95745105142049,281.3087153453652
-94.92636710510051,272.3534441674661
488.1689043223098,97.59094698927066
-91.35150809825521,259.9632502346683
-84.96927928017055,271.2834041178152
-45.12198161526294,-117.61539036466596
-20.487800504628378,-116.22939981673217
496.06166980929686,107.0759539893092
473.2696408732214,89.38007451961657
-102.64256635357988,293.05863717944317
-96.28776927599928,272.8172203904658
-51.66072169520491,-120.64079086795647
-33.50473651826479,-108.40319657961015
473.53485486380697,97.39216276425962
502.46577460778536,94.1320759718604
491.38209453408723,83.01078837848908
-68.63890365679737,-111.48081321016573
-120.05830052141552,287.92214481295184
-94.7115393801844,271.99974283218563
-40.39232439460131,-110.51672142243685
-75.21424750109219,-103.85350454061833
507.24096496464955,87.29217470826961
-14.00629271562648,-109.83152112718938
-95.57350797013699,265.3889165302316
485.2844239063388,100.29163352457807
-85.07391022857344,259.065845575353
-7.458978593178344,-122.96797626538628
-49.01733858980707,-115.18593804802127
511.95779422608183,84.43371237281337
505.73034842559696,100.28127811472723
-49.358242330348446,-116.04458223709472
-26.533994851809517,-110.89858027132408
-71.80779422825094,-113.77782707825625
-71.51584221172054,275.9431976898527
517.862819077737,101.03778617485548
-35.447431879688885,-111.14442976209449
-42.10151446705869,-112.7489383633125
480.40632612361316,75.82838822661289
515.5598681419625,85.58305650304595
-92.79896102931498,298.4579582138356
515.3963105857804,93.37789541086761
474.8688772198261,81.37692535486309
-43.48342648717064,-113.28610516857334
-49.340377880583056,-118.36086787445899
-43.2740575711549,-113.80445741632617
-56.864032769741165,-119.26042307025921
492.34561586207883,94.46055043844265
-75.88324632724357,287.8499288570493
-97.58978382146287,261.5922543631113
497.85161358964325,88.87991494205453
-42.60440000699713,-119.8657503361835
465.8557736438578,85.96271032988388
480.90394158634655,76.76014701925376
477.96636731181985,100.48921013217056
479.7032043457111,72.63698607688207
514.8384855688939,88.4471201725881
-50.527502797308564,-108.30097561269439
490.4619234539875,101.42545365565755
-68.8405855057839,262.23088719807816
-30.291251103184536,-116.58547099004515
-35.554727030255734,-105.01148033025736
-106.479307668566,286.52746131293617
483.6027158856615,97.20946981857776
-39.434422307918894,-112.7176475770694
496.3274829186534,88.00431472002116
522.2507941569345,91.29439207489054
-95.33491282595807,274.6749248056817
-83.54698664785347,270.5285256197825
495.5123601737869,87.53650820111406
463.4615173621412,103.98084704072542
-14.63239225444823,-108.3436675124197
489.48547219734473,79.59101554108469
-96.12428345517708,276.5764594364699
485.0073690676719,92.66604224031124
492.7392066330306,89.13034156082979
-103.20790090226839,274.78338947445013
-50.91237484544754,-118.79834174970811
-99.08032973529012,261.0655583583561
494.0623243085966,89.13164521454244
-33.634575412616854,-114.26750672704462
-112.66425861340679,287.7108283952342
-24.301771917198117,-109.1227937398523
-60.3243274681586,-114.30471792378047
478.3745618889764,93.4107590249855
-80.08062996494891,277.10144765366437
-27.296138303037356,-102.40292395239953
-40.25164649185279,-115.79783258241636
-23.600722493935656,-111.65277325484162
-95.96571349375992,292.9842959863047
520.3852641112342,77.51446356500837
-18.27461298422054,-113.4534890925256
-94.97959053410035,271.39487491892396
-99.84926875490211,277.43731272046995
-47.86749835080691,-101.92494991689848
-45.51953297394289,-104.6417704478007
481.3826871376194,91.58632408669023
-61.03109947197355,-108.9705290772396
486.48909092273595,72.22021321341025
499.2783407290553,93.6839105412087
-115.1369959881282,280.708737971222
478.22836680039524,86.83264841367516
504.5859283803153,98.95477147014635
498.84867192008727,91.83215167588602
463.94383950559546,107.1047290984256
486.5446846559496,95.82545051541682
484.81507928616685,88.9443559029444
467.06304843975266,109.82658401325654
-100.64489492237689,261.869477176333
497.03745664951293,78.53134312675724
-113.56323761303386,264.86642614010145
-119.8958926703905,285.441148273051
-92.01010574389016,271.91084791874795
494.93108489307554,73.73142737732408
461.44724323723136,94.03876220994172
477.0686252191875,94.08698773689525
-59.662716421587405,-103.08369386375331
-91.70058964073863,277.04661224661817
475.7476551412363,96.27941628347085
-95.80758891489208,265.742631425309
-34.2276087043286,-110.97104669067828
-117.54809296716238,270.20773203073014
477.9323463184728,85.88125304035475
456.84350290062144,94.59338491907887
-88.26664848772366,285.70640374620757
494.2354261341526,83.64667766093399
-66.07523316729235,-107.60026123964064
-90.86144625041607,257.2175154066331
-106.49993941990465,284.5435212255174
482.99023257974505,101.24007736752188
-108.1096480801724,282.5553226574082
-48.665966099807015,-103.59996066112608
-43.25418676445549,-110.38536717611167
-37.511419725865174,-126.54958226578282
503.79165673918715,102.77127689737979
497.73703921642954,99.19576010174922
-17.766377468354534,-126.81579419887886
-67.78433145469546,-104.89405696568717
-53.70669391733799,-105.51218954384251
484.0679338413149,97.66736235622669
-29.489760665117497,-110.38243929564663
513.3573857657905,109.40161142444924
503.2471601237542,83.65521360604077
463.187289721167,92.96034630362287
523.6980489860729,97.31122856215482
-97.3903438804664,282.18982318310844
-110.79442591131264,277.5298814509663
-70.38849418182818,280.80888803588635
-53.91677522602065,-112.19536801300748
-79.87495835210808,270.30697346702306
509.36256543063143,91.72059676851751
-107.8410814211459,291.2530229584944
-78.56949862049308,280.50974114420893
-110.4438207721681,285.4244116937816
487.1096668812187,107.91548221242934
-105.70971436488728,279.1866900453449
-106.23734175584063,291.8121214168476
-28.164731609449603,-126.78260007711475
-103.43048206538715,277.7130448882557
505.31167195927316,82.82024561457172
-104.62658024202481,294.05535480845083
-21.680100542049768,-107.9161997093905
-98.80283569818032,290.90143534411243
478.9652681053862,91.61268167627779
471.95725541875436,96.24008421600966
-39.23567170671536,-115.13593465048562
480.2879389540549,99.68269310567432
-94.1932576091936,275.9183224227485
478.2997355608129,93.02901935319764
474.8104013947798,92.19087858153789
-99.85080740648228,269.43914417279007
-34.209945003901844,-117.40888817833881
-52.23887906494808,-112.75358104305145
-51.393142911893506,-108.99659952675141
-22.083977645720218,-112.26447407732184
-108.40647888446608,281.3985491578191
-33.37394065033694,-105.17516978190928
-40.83256070316944,-110.94380928014854
490.1724371910683,90.19757655451924
-108.0005954158781,259.3387119270878
-111.39099301408926,277.74355450044726
491.33292740095953,96.4271030699525
538.5211620285754,80.05908904847385
-15.50645928603958,-119.52593263909736
499.2600773080969,82.52583128777339
-111.36931535815214,275.8637208219564
-89.5127657977653,268.2477984424136
-69.00955675394145,-117.1362332054848
-120.76373677716504,287.92313903493726
-105.9340127105721,279.9771647729602
493.67088315841426,111.53802976710924
-111.25147241731362,286.0729781050204
-43.10054380337927,-109.67864681521492
497.79358337647517,88.35871234917728
-89.60842640379674,283.48988361563823
-3.786222104738407,-120.48949008464201
-48.24442868376447,-117.4755309518789
-82.09133054010903,276.55035410089806
502.07871131003867,99.35342340981026
-100.19779196529106,279.41086248904895
499.3878598398613,101.16615293189261
-46.84392959679114,-114.76571521740098
474.5768085399285,87.40419445532399
-74.4325497712607,-123.03051438714175
507.81818651195044,97.01957639287012
477.8711948413376,87.96083401525446
-33.89460980172452,-110.17828903911368
493.136456423419,81.99166604351271
-107.56809438850172,280.49391552183084
-35.59328972901248,-119.64731997042888
-94.6636089585267,263.5182202104055
476.6559065012081,92.17198186971761
-54.59932145975333,-112.19455104405026
-112.3741554928686,287.56697628926764
501.06847674443344,88.14047888571693
-108.21549814981097,280.0213825445454
-82.87960790773514,267.04254687392734
490.72701167867626,94.51072007237347
-48.22399929024448,-113.75230097649317
450.52324386771846,107.63082734593584
-118.20548903715508,277.0082964972187
502.79477480766843,112.14257926278277
-107.0334234947775,269.2622013223451
481.39339368392433,93.57590648357993
-42.584565088749144,-120.52516728279993
-32.70508654442919,-115.57820781293621
-92.78312070264235,256.39521155737805
-93.75229609537482,298.08175743405377
500.7060400505344,90.17432366168907
-59.891836478165274,-120.81440701066545
-56.89038901074082,-106.719014956749
-111.50015853358455,269.77051456210614
-40.511324170775346,-113.46147775515999
-62.1571815249619,-110.582815915631
-39.2704115355761,-119.7759932743094
501.59508443999846,105.60466843173481
-61.711818446117334,-115.21061119869825
-113.65598234464534,286.012873169334
510.9126252568937,94.93093909874467
471.27709421765894,97.73684249442191
-86.10255070919553,286.6687323175001
-20.86556626700341,-119.94841152416952
-38.358941971376986,-112.09498119068836
-106.64696235855097,285.13884865557725
-45.54863275983779,-119.62404403556677
-94.97366924759628,265.69747745038006
-97.23105112196605,277.6426567536302
478.6450269419188,99.82244908213886
-94.8824658668638,309.0093783107631
-31.49317090722246,-116.60594206865929
-47.442956423319515,-116.07350975839728
-56.73334688132318,-120.60009826145895
-79.63105446430498,287.3303833159563
-90.00968616797383,268.7165367693414
-51.57791070057293,-122.48367373749824
481.44319540607717,95.61727874351435
502.67388144157434,83.091223045929
517.765246815977,68.53906813215995
467.04698345655095,109.12682451617702
-90.93006700538123,298.56347923688554
-47.3300338465173,-117.86569319375205
505.36314277194515,81.80776370436831
-94.75145939457413,285.26193236092683
-93.12112783892807,282.32379980877533
-76.37362736473708,274.5346810918264
-100.55803802504364,266.20608461625574
-61.72766293741369,-115.59747968708764
471.97918183986496,98.90496350181164
-127.95987767870399,306.2032701399868
495.91915015408443,105.87371613104088
-91.54178000152064,275.7020968289981
497.6585798557041,98.04479061688737
-95.19306892017138,273.89043094368475
503.04017885399577,96.51728699271274
474.99221045425196,91.0435351815067
505.2875320742526,91.97823372526383
-47.99346643719413,-114.45224231597552
487.50270154877217,94.79421649172231
481.01939997232125,71.47577839897573
490.12502178088647,89.84094683196835
-103.838490170134,268.1595272221454
-13.335859100539384,-113.6326384005384
-61.60363548709162,-113.77574088478991
-104.59635975337537,279.463569255499
492.97480719468194,72.05536405518377
-25.40432826128705,-119.07563337468476
-27.781072011158496,-117.33766174265897
-27.965463742294858,-110.87557716165672
-92.23531327485816,-117.64072856036941
477.08977708939625,79.58645306034796
485.92914072649853,91.0963193873434
518.024138303785,99.43373841116605
500.81872534075467,104.42275921976913
495.93279066633175,102.30744034575324
-54.89537194010444,-91.1453815274652
485.53111170766806,93.9144247476305
-117.55443472748497,286.2845361997239
480.5158418367838,100.9669404919058
-35.277613675067,-113.6309945728905
482.1339750294663,76.30046433931949
-74.33926810352904,272.3292190555559
-35.736810332098266,-112.1505147462446
-122.50231805353593,266.0668018413571
-31.333682507723815,-108.93028745656684
-37.91225086707804,-107.09741080653616
478.38679834325904,91.22306068735453
-94.65252603240997,292.9123483182589
491.8972858174659,90.79470526691642
-62.57228657516528,-115.60483720375767
460.09193339006845,102.01351053428112
490.5399777788255,104.51810800615651
-100.84534779098499,271.78818045209033
-57.51147106301055,-119.28670133166413
503.93071379540316,114.00263335504408
-119.33405316389083,283.9904726674155
-13.950048175004692,-110.85730268653258
-106.38403693900564,280.43133574915623
502.4339977261439,83.8109676855064
-103.2086775500184,276.11488727894294
-14.082371415202601,-119.14292911103256
-65.15011479197413,-118.37191474523624
503.9202826435388,99.86506849169966
-41.285587486383456,-110.6715117502356
-60.15988580665716,-104.57129132774917
502.22908031641447,91.71257277730062
-18.884978101210994,-116.36227285677343
-46.00781930336362,-116.60368095126783
-93.35987769634946,269.97649621958885
-98.54898483057086,292.45939968160235
-120.73137352230525,268.8451254548943
477.3396070422227,98.95138211429818
-92.37511806197628,277.63625185637085
497.4633408302927,74.41205741166524
473.01627334123305,93.37342186127101
449.61764160226227,96.3685116848545
501.5536980742687,91.46276100590319
-19.81883540787015,-107.57941905303979
502.5894675769769,89.78756215282321
497.5162378092665,94.19826196765004
-82.9280785895895,278.69289466846766
499.5752502210093,90.04844486630158
-116.49975938824157,294.12977264185065
-42.914683967130514,-121.48813549023573
456.42534467438276,74.50506311228584
488.1902499072196,105.27260173446452
-78.49550080890518,291.5567882261536
-91.72863843788116,274.9137853671282
501.2547719962004,71.16642183944413
482.01810234948175,99.27541446001989
-111.48993191725488,275.7712715618006
-104.40539900078926,272.4959862802197
-102.53142984214382,267.0143620853891
516.7649487490328,88.52755944259539
-15.234752067283246,-111.45043174996509
-42.59390394123218,-114.74738134451101
-71.939364771718,281.28256033371235
-92.09022464501564,288.42642390450607
-95.97150051358729,268.0950441425391
-9.45519501717488,-115.33490593358798
-17.504057850620306,-106.19282229940873
481.242114405395,76.00428209019898
467.4063139378959,71.08774353128388
-38.34324610505682,-107.81630982302323
-71.33463614337384,272.1863698716927
-44.682284790429954,-118.22131055858928
-101.99182282594803,274.01873034042393
-57.168759380276995,-111.17226281448004
497.1799729512685,103.65128092420655
-52.47380342513598,-116.7597794585939
495.8224023035834,81.34877131360012
-48.80519959717402,-108.4125640943603
-62.7003643474015,-118.935640399606
-122.95833966196605,286.9917785100634
490.9401971073195,93.5630437876933
-113.63756528319317,267.3110879877819
501.2122955729307,92.45816283965095
-54.24227702486043,-112.42759676321884
-13.15923740840373,-119.16622660562547
-125.07083399586851,267.44856103464866
-68.68942130651445,-111.25119197617705
502.58185226064734,87.82320268114582
497.4957844039176,103.98125271231469
476.8804469354354,94.43157809746201
-54.01043874935007,-119.34640216272061
-28.461192838012963,-107.65207389180907
-80.86591367636225,275.7874569954998
-25.87836640246708,-109.63638508729437
-90.22636558471545,275.6106183779836
-43.11704192373176,-109.5872738526264
-39.07148080941317,-114.50358666482259
-131.27774860423733,294.70752276737403
521.7862583649023,88.03949252001954
486.15943948154694,93.94138394861598
-99.55886365016907,271.09710340694335
493.36119902091815,97.85701432865127
531.5523400576961,88.93965164774762
-44.62568448234016,-105.56367951492365
509.4312732673631,87.9524957147078
-108.56765263178144,282.1400085686285
490.5230399854979,93.56812839253661
-86.11127691012143,288.5201503417215
-88.03685410944257,278.1912379146119
-39.87255398592015,-111.81321893909731
-95.4238573704036,281.2547009788765
480.12249670003183,88.05594026895714
-9.88233153025352,-115.01842238444753
524.9853187130061,107.83236842317456
-79.99968901323402,284.23839285983047
-43.36651987570139,-110.95628227638294
-34.78966668464197,-108.16904564871828
497.346369962904,87.74812970356479
490.67890820402926,98.63925493375251
-23.2567232148902,-111.89179059074287
-78.71268175033248,274.1477797389891
-101.34766544363926,285.73325945662003
494.66972015756716,101.81637085439863
-101.4834673422454,259.31206936246946
-94.45632934480861,253.7406167051122
-103.09797724211143,303.27245833919284
-33.30860429148005,-123.0010305887101
-42.31379374855089,-122.36521811763333
490.01661016624087,87.67686347334025
483.55792119356624,99.87721608169792
-48.612411759034956,-114.65924369283634
480.32109636988287,97.65606814174215
-109.52548486334766,279.1991491724203
-71.9154001029392,295.9037906220139
509.6940355905931,80.19589504452411
509.69121432999975,107.63294198925391
-28.927062346459905,-102.84378665383666
-80.97039341706687,268.3163489235095
-66.69381284410125,274.65630972365904
-98.83736372821643,286.61553175000057
-84.02625069833226,285.13482500664213
-81.41050752749324,274.8407922633948
-5.388065951293768,-121.17422462336586
-52.35389908013667,-107.95655963852451
469.38770940759014,93.36949640558171
-12.479692949371081,-111.94264676850676
484.52015703339146,90.99100730937249
-86.07865147662253,280.24397327739047
-7.770502413502264,-116.01871358249014
-37.02267851015281,-109.67663388896824
-92.45097093167765,278.5727460208537
-2.9102382592860394,-116.08300381604228
-97.6742157400368,269.8418179545298
473.56026442436826,73.57523271814664
-17.98178991668967,-113.90828445819028
-90.8576473923624,290.00641867196947
511.04248104277366,96.64658405931272
-95.90987116797572,261.5496352141966
-33.99061304745486,-115.46488422579885
-80.07192227843962,275.10500704037594
526.7200670043205,79.30734276118967
-35.89121815261547,-119.14634007673268
-39.27998148418367,-105.83160578293239
-62.12577694113269,-112.55610772529549
477.27241842789726,103.98189870094917
-45.14117874672357,-111.15910733480237
476.44015534996237,85.60409145689694
-58.222985289587484,-120.34816163781412
486.64948831914546,103.14097714542262
-54.884851643368094,-126.93471489010099
463.9747499787265,96.78742964885049
-104.02078908666435,277.0959574761438
-63.87857292975916,-115.570137740254
-72.93306677297717,296.1641125470751
-61.458921631634865,-115.72694709110078
-116.83325390643226,276.47450785288237
-18.863648352260874,-116.79104630662846
-81.22427436606255,278.20031689647584
-63.89217364201227,-112.31122337903543
-86.4423806090095,288.8236590531318
-92.42579370730382,295.71325669098553
-45.273590739084604,-117.8813463435843
481.43220484434266,85.12621576671297
-62.193064374603274,-120.5780151619595
480.78211710185553,88.91992587760761
-76.85123368216006,282.2591288941432
-126.73592304390488,292.69405566044077
-13.875934944883259,-110.06373297357315
492.21313455806245,96.47900822855202
-72.40988858535395,268.41283959681306
-38.50633381171609,-110.30951903181868
-95.71304221635384,266.06967121989385
507.90474113603557,103.05412176039837
-62.66803217777221,268.8858768285674
481.51376338667217,94.39658481634271
-6.428533871507618,-107.80892213731987
475.24955704228415,103.51369555894392
493.5104649353534,93.78493050080834
-9.969330434930477,-111.02523402652317
509.5418728965534,98.82553223330719
-102.27851498713065,302.9393688455462
-56.5526864593487,-115.43173839159012
-71.93756075063338,255.83900955770932
504.95733327430037,99.29016899333274
462.89861604169846,87.44285267870336
486.6829586285888,93.92564019579456
-107.91056741383812,277.3903835385164
-32.141077026360264,-119.54607882040662
-53.80979336991093,-124.50017363756336
-100.15159152586888,296.2210076027443
-89.74663801759263,267.1357176821365
-58.44924150591868,-107.5047168306298
-104.52131368239232,276.29081646465346
-56.81027997749783,-122.48815980945298
492.69674635934274,91.11479728151457
-78.90699510808506,279.5670193711689
518.2408662567808,89.65861854459253
-39.98716631840461,-110.67197202935469
485.8372135480312,106.18126429200429
-48.12271240614766,-118.00143898304592
-91.21688122385414,278.43937557830606
-50.67519100673901,-113.90819671227865
-26.009186659833723,-124.78038335367808
-22.979738950191706,-108.24258632090643
-29.615155589334783,-115.37432938774931
471.2732171301024,80.93307186266212
-85.35286513177442,261.6122109146514
-40.51565505328303,-114.7673741619547
506.4479823152467,65.629213399292
-44.561442880430995,-105.13058922982147
-94.5435500899093,269.1076328281936
-45.386288899959055,-110.00207486663773
-57.77124172680489,-106.3552684843792
-88.51462368104087,263.04158013865833
-103.48401582387943,273.4324682037534
486.19688270387473,90.5849858581232
501.97086650975393,87.39240179162185
-31.18017672275443,-116.74418397347604
-71.13198061549525,271.8165202144024
-83.70633881225822,270.4804232131264
-66.86458952715483,291.52358400234726
-13.939895895697617,-107.07068291346278
456.68433650861726,94.88719331973712
-112.9971492837397,267.4274070300397
481.22988541096674,110.86209633634252
492.7486642688624,81.07592855262887
-28.729931066122028,-102.03540919486858
480.63408640067604,101.79980260715267
-104.6799702710598,286.18466529955856
-102.79779575635905,274.5134538218028
-27.934347312893657,-118.34086368246058
495.08210344698756,100.30880768113069
473.6705384919004,95.16896691313603
-88.10494490912717,295.39088314580454
501.14376761650163,100.45975840606638
-85.14025490180765,284.1945054192002
486.9458521660211,89.47709435909412
-51.925721462858355,-98.05125387776263
-94.06222225968806,287.50617105525936
506.0262618886631,98.15147422100047
-114.5848973325948,288.0508971381898
-51.750101129834334,-116.62230481123636
-58.77677573941456,-108.02288120602684
-29.933083263144976,-108.97431563370432
-117.97459356663398,280.3660574755482
-19.459427922326753,-112.14928996923891
-34.291560101866814,-121.69395306865384
-22.18644128859467,-118.76843825556107
-101.22675338388817,281.29156420591653
487.6439813461713,92.29410386256609
-116.01318565394766,307.6151588011551
508.96930244052385,80.77628529981081
490.8056744074573,93.9776531885278
466.3877939213361,78.54473591481867
-84.68944966498546,268.24982833728916
456.2130215316599,93.69542532815758
-83.74978953169894,292.3191792294979
497.4912343085679,84.91580806391704
-82.66787820004421,263.2503465551189
-104.67206055766553,280.1473882491054
-33.80997497275511,-119.57148266316042
485.14350511994263,78.88889294404106
497.1590242000383,72.69679655182719
-131.74804055854793,254.04213387548108
469.372928836918,85.48095812665544
503.9198597143758,96.56494062072666
516.6814988448192,92.10493529655362
-101.59413100995069,293.8671136356757
-41.76475156837752,-114.43527075552613
493.7736271872091,109.44365748683286
-88.93014217645391,269.45900481080747
-34.9770333310652,-113.09226505818216
-117.84026634396037,302.17950536869097
-108.01949260263291,290.4130159067876
481.97708046099746,79.26523393042602
-88.03958027986889,281.9619930665817
476.5994642416921,71.36557438753954
-103.09962023921783,270.42213652962965
502.239968267067,80.58626477123262
467.797572859367,94.7862108285565
-83.96953077807979,300.10167443542696
-25.46805444548076,-109.41709787318432
-89.54039469337096,280.1316847650167
-97.73757925654806,284.24694399406195
508.9393580652682,79.017737584064
-114.69912175334503,279.20256577728185
517.6274029050234,88.98890168009322
457.4030393216596,88.3701504879856
490.6508371877758,105.17542011819779
-39.82455628395388,-109.68129484582211
-62.79899509175486,-120.09671426914656
469.6475416742027,89.0016920393952
495.9994585411896,93.03473981211992
-53.43285251809303,-113.7828989479958
-36.63132938292323,-124.15479845755418
-52.570110845163654,-121.29075087705868
490.0002206712039,106.89296818856242
-53.004707700705644,-108.08748741638773
-92.2655014881315,279.34196434601733
-9.926561420134536,-123.66560775361404
511.00287262157525,93.89824360025074
475.108212759519,94.51386009724068
-36.71604774309143,-106.28650266267333
-30.39246622589727,-119.27423351108348
476.08534507839715,91.19330171495389
-31.009919169747203,-121.6407172399403
-20.627072241966726,-121.03995506442055
469.6144401121234,111.92768045084014
497.0185647340952,99.11892599447681
-106.21462165033151,285.40956472697263
521.0306128866301,105.79595867807501
-117.38773574282959,288.14162094496805
-96.5025950206969,286.771747989669
498.55688687333196,75.18976255423354
500.6608592156427,88.96954474980613
-63.826960261357485,-116.65814033880189
-22.527220133459842,-102.94562179096356
506.4093434859759,93.56163122666958
483.3200739282713,92.64821088841103
-86.44945757623697,288.86517385851806
-80.11668353243184,296.7487297388059
-85.2220228413658,258.17531968967506
-94.01551198147767,271.16611486123037
-23.35843842843366,-116.79303322114843
-110.37364819300484,288.4275847483541
484.8936286723723,98.31998092511115
-85.14808759680604,272.81830101662763
-115.04247435870629,269.542103259302
461.0710867324205,104.4990729691742
-31.669665897048105,-125.38630922313612
473.7940950036083,90.27501263037657
-97.68016908113476,274.7324164679511
-81.6612219292373,260.14888369191124
493.1660558863944,111.7511458361655
-32.67792225995527,-107.74539058202282
-19.362192234673305,-110.52088312674782
-17.441521226619297,-108.57460198582447
-94.45235352834395,275.0359508907058
-15.335746145629987,-116.4354651896559
487.4918233953399,83.62851621112875
505.92219503268524,98.34083978135627
-86.2596400992348,277.2770304902994
-33.95101730669835,-107.66401842231886
-30.864271595487466,-114.32634691398155
-56.06409201136748,-108.5427370635605
-43.44965143132316,-121.92208706437329
502.8695688045942,95.76408525153875
-44.34615437926698,-107.81797777358793
-73.01008922866191,276.82109209417933
500.8811231648805,103.37248229328164
520.5444093869927,83.96132778226347
-48.417372592361936,-112.30297056009175
-45.636876235873565,-109.86689437834612
-26.92606211034537,-120.35099198790564
-93.70224881371405,263.9773066137523
497.13191086741847,101.47099821332007
-95.95157406881096,265.30549904573354
-94.17413082350723,290.2602966085678
499.8667596460292,92.36883191438633
-57.729416199403886,-105.1975530892057
-112.54453196507245,287.28715748351357
486.98152685902426,98.90550168199971
-98.6398773921541,269.97825199525295
508.1134162782355,89.587920558882
497.7107824223055,94.11406054452502
-15.282271537863334,-98.81596710526452
490.9080730737954,91.40195662686291
-56.94945393614704,-117.95295891267673
-97.41039814860255,270.7144417030601
-106.14397298021406,264.39267275486844
-106.06394821763176,306.8080041585066
499.6247332705732,86.35842820045994
-96.82513210252652,294.1497889208468
-18.697889887225305,-109.63465202567087
-79.84577271997182,273.0295959089813
-91.42609359010065,268.3558921139042
-78.17875731501704,281.03841968307813
-83.37826991138934,257.99719210525683
-109.38555962377106,298.1565692905244
-45.04604034349195,-113.53238347971768
-48.77644842743548,-123.14331526152824
-16.201789640869666,-107.83895992052858
-32.50182111938275,-107.80157352749072
-109.57890197021091,271.53532670871226
474.61533105668985,97.51755566757102
496.6441966768324,102.90154128726459
467.06792473135056,90.6923576911217
-25.68393180606988,-129.0113113108147
-112.39425347224106,284.3654920209493
-31.343850064633152,-115.81051549129592
-117.8543467415696,299.0389225213975
478.3392547884443,93.1751491907394
492.23604112883146,98.77207125368525
-117.1349362708905,273.7856678819475
494.9864027844804,106.98094249777124
515.2997687814263,99.1161056074139
491.39433823696163,64.55967910021003
-106.85000940293978,296.07545385610484
-37.840439200885825,-118.64807309121085
-42.908471132807136,-104.51516106075752
-51.034485815744596,-117.58725989851652
-85.88480485363282,287.6617131570318
512.2472854333687,106.57354774475758
-25.371085240318603,-101.03551323357145
-38.75743698337503,-113.45087595331402
-9.499930923257082,-123.13553187842273
478.9583365188528,81.03456540664214
-23.466127559451916,-111.39585512871979
-37.43063075198831,-105.08564312333645
-130.5483088504817,274.86699402397187
-63.86579917453376,-121.65108324114975
-119.2024451874523,290.2065930601208
-99.58977147076219,280.0384210147296
-60.68098179858562,-124.2287503934372
507.4525925411136,107.23545153034877
-26.793087643120685,-102.4907030964405
-41.91638977282693,-117.00687551638273
-58.97159998840475,-112.37931629105762
-95.90350160814363,286.6716331706563
-94.57602745544193,281.4394674472519
519.8305287274962,96.71607116810638
477.98487228003955,108.5862534822161
-37.29161767068755,-120.30348073648621
474.80274977569644,99.2268542524776
-94.01707793050424,279.9823301051062
-117.97941106509647,264.86317903911095
-55.638104780658445,-120.41795641695792
-96.31101220125832,273.605887520147
485.10055054362925,103.38076218750996
-46.50753564110925,-103.35438580430927
-36.19589169899361,-105.80287949842452
479.6569875163043,107.17881127775222
-97.30512233545977,291.399654497746
-17.3042300645326,-121.82882682585003
-104.38544688191584,272.5763827945259
-30.73614872307143,-115.1996058158708
-109.9474213846081,290.3557892391497
-91.95010572072925,283.8081862493183
-72.85506369227282,277.2895675702142
-97.34669931328399,286.47573570240814
-39.668540604981466,-110.54344198360326
-34.620076417829374,-113.37184300719174
-27.921542229119765,-114.09741239664795
-93.86449646783012,277.5778459197586
-45.0215304152564,-110.50466744235845
532.3450676749106,96.3013145159801
493.4771805590605,86.40393427723298
-110.98766598724488,286.4695652145433
491.7491889251383,86.76768369288531
-105.30633412387613,266.9917715956102
-105.19649578902464,267.7072611443691
494.0356088961542,76.1428356064131
-138.2766228399501,272.7512076186577
-103.58175128279748,271.34146659950244
-86.75437826666517,298.29421260224035
-13.852809528590857,-111.77859176761879
-93.62373725194762,283.5097340551372
-99.6972528596473,296.56558918363226
486.1694347325594,103.0909707787366
506.0441488844579,76.03748638998938
-112.44949067987388,294.75999605205624
-90.32118414868428,292.518092931551
-70.47444411440318,-114.20598929710988
-26.48375197592499,-108.8910070460245
488.9104632885656,108.7019989184856
-57.85540886198374,-108.4655375703093
-15.992021875222704,-103.98670133033957
-117.45103061845911,284.50363026996627
489.28751027176145,80.94671620443957
-20.47633173949654,-115.89953876632963
-18.816128196799845,-110.78241402414614
-30.676569780389173,-105.04710867460133
508.34097060729374,111.51685814258484
-80.99069573839417,289.04379838492645
463.52958475980796,98.42846895552813
-100.34316216940104,280.68646158254415
-45.63620826844338,-117.61915734448415
-42.19535845957501,-106.00693861389992
-1.1176301185295188,-117.06098909918073
-36.80361662769276,-117.23333449256764
-48.832180153933095,-121.10566432244198
-71.80396622796567,-112.54574041673646
-81.98501260286807,258.95765053529414
489.6755217420054,101.72263090567334
-86.68642113684234,278.46760264079484
487.3302564148205,96.88510212574378
-111.72382825943995,277.9594087955622
-43.0900688781644,-111.36303319286496
-95.3767022951003,282.9439829934446
-79.89693028814594,292.1538614802105
-102.63509436624891,278.4520196827802
482.3588399242205,110.34134007974095
-114.47142868023012,264.58182289924093
-18.187535241982708,-107.63513393251854
-107.31483847589557,290.717296891458
517.1121932615126,92.97637933787446
482.2989571404077,109.72936725677235
-51.266466227479114,-106.96318333084368
-80.6177081880706,252.90515761731407
481.98469323438053,88.42541172091562
-37.53284724883419,-109.07363357278727
-97.45669413369816,280.4913968998867
-120.51681886752158,280.14071164946876
-91.99848199901342,254.3685371177899
497.82575509658875,103.0135836968455
-39.5501288933627,-117.67056912212608
495.8914519105814,70.55587940938867
-99.83893172723201,267.8600924379295
497.3797139184757,96.39613265830363
-44.037004624435305,-105.92093479320255
-48.38424713055005,-107.57425635052692
-33.406491389641445,-115.80268939635407
-69.71833717987795,-110.82107934242444
-80.09838846652968,286.0626699180919
513.2938650355486,89.61456820730868
-44.83439880240139,-111.0776191591055
-73.39006134564954,289.0316110971072
534.3730680444537,85.67489651125629
-101.75953848320772,294.6403201478039
495.72918138732365,73.50523362622208
-103.37836843233768,284.76126431891277
497.98681333741837,87.59913876784093
457.46113465824595,106.48786160580288
-83.25260604869634,277.48460220529904
-111.40882741999287,271.66956889746785
518.5092129891666,102.47353551560721
488.8648089456606,98.42386212604066
459.6060777274106,98.41078663275498
-27.751886301671313,-123.51901710243715
-37.5048144162908,-108.53152530309148
-88.4421739557268,278.0954998407547
-26.16555530181264,-114.77235240336638
-86.95108307846127,284.9886318203763
480.58514397584906,95.94030505693907
-124.91192967497501,276.689836407685
-5.694677514528792,-111.58436881319889
-59.427250579410476,-114.36024800734134
479.72372499386415,87.33357753492169
503.39423114671536,93.67108288223764
-22.24468469584949,-120.96448327739283
-31.249182252194643,-111.23187283538755
488.52879962225353,101.22195915160643
-91.16988566477008,273.6585749699949
-19.89207872639216,-126.3578396489861
-54.232716306288175,-117.44253803168043
-100.5913232590021,283.096100957676
-85.98708497658606,270.9379578316633
-46.12938185542222,-109.938680878216
517.9514073308872,95.38732449986138
-115.02193139086022,284.6975638835804
480.14063554640285,93.35975121644545
-33.06814570221577,-118.70734595149845
-113.12159844753022,284.34686909270897
-44.17541872121744,-111.88835697717052
490.73747267409567,112.46098075025725
-104.13933559136682,290.94579265790753
-29.041293504245676,-110.74064531752761
-97.68125057593839,268.6608772414823
-75.13691855640207,280.4167273325337
-101.23292455542823,272.81019157679816
503.28287675850095,90.64676838221443
-50.770224972901126,-116.47070516621811
-97.33140672238834,290.3408031027863
480.5802364725137,103.01279096662273
-113.6032439991471,272.56360989913446
478.2421123762733,92.14354280577686
-75.93403934777378,-123.11581590786466
-17.091432355578025,-110.3131956232559
481.3898885672098,102.28349859273092
519.6211992593006,90.3108099669614
-39.52822921336666,-106.53865542228237
465.75399726776243,85.84361305555669
-77.97574954423992,259.49561323938724
472.85471169537027,89.75583822653601
-76.17360227426117,-113.52430020117873
504.4388853087349,103.54674203182873
-112.5269887938603,281.051272183284
-44.77644114989279,-113.55368572289058
513.8833043728273,95.62594438175232
-107.13860663987326,258.46776212335743
-111.56060061269181,262.8544567981581
-26.669404595862012,-117.87126514462226
-87.79202142449282,267.9560415828161
-25.33112454796865,-106.59126866655548
-54.80901707172273,-105.69831611057813
-34.05562851248307,-115.97016880646554
-86.74918248025094,272.2067094549931
-24.55177805117937,-110.58568970876065
-22.85118184207422,-112.21569370782363
-65.03955004593692,278.7950501856269
-24.97905436633266,-120.00080536301357
-30.93000507615305,-114.89461721327065
495.89378235506035,102.34167667581674
476.5834695479637,92.67871487502552
494.147964586618,77.75323269172182
-105.49083893069671,288.1976959220709
-37.88702935654517,-107.25103919466343
-37.47250038560451,-112.19378333792977
-100.95728675747343,299.0391715409401
458.50081297539896,92.91271760809005
474.0677987425865,71.57035146478086
-122.69857747459402,281.08066141292505
-89.84028278400089,-112.47611225617324
-62.08298463787529,-120.80171717075879
-44.54243027826683,-106.92456594103852
-34.32257701958268,-105.9435009448272
-104.81959471789581,268.61643032887457
524.3581963013914,79.56993050310045
-82.05163303803022,279.66159430281243
-66.88626245824533,-127.83220357977093
-71.36214247818054,273.7191759401254
-48.5279114586443,-105.40988083115845
-80.93007953192881,260.7066067097294
-30.811420592740422,-115.12836957483673
-31.55573567266877,-113.7735927296802
0.19718585016873647,-113.69424765747804
-49.78670185154917,-116.82561933160599
493.50077693139616,96.7095601551892
-31.435687831699262,-108.46096471554183
456.4577931034281,94.92048266416275
-56.752848926524344,-105.43204237797598
-82.84749451678185,279.0616172185087
-42.80096484410433,-108.76707139604659
490.10996890742234,112.37603882904106
-18.320272204419908,-110.2320590317784
-60.23082647035849,-120.52753082318279
-80.06178678452372,295.2076566022891
489.271376024118,89.16456392021475
-82.00039455278092,283.70452898574933
-105.00513373698463,282.05004548952456
-81.17871634479684,275.2969231967272
456.6626087112218,104.89125158864309
-105.00571420880938,283.76462845154305
-103.86084520820778,278.1214099370029
473.8903360467629,95.76736279340523
-97.75968281977958,294.4741661849556
-23.509224181815565,-115.14446796461029
464.96821018743344,79.25459162061775
-96.69248443491387,303.2669583295663
-46.240081914523735,-121.2628480736585
-88.83373970158537,267.95431447173604
-15.152048484951212,-114.48195298080323
-95.8622550803863,281.5166508881434
-106.10253566750063,262.8462625688726
-41.321328123316256,-111.54320744089556
-42.02503981178881,-104.09685622895711
-95.13627584495565,278.64371975809416
492.1211520873815,83.15601195571509
-36.29312803457328,-109.92347145990162
-93.36373764498465,267.8730139210493
470.60918778045294,100.49630116261945
-35.51693408024183,-119.687894925545
502.40245922571796,95.37269332474455
-117.72154377120947,273.76305407879596
498.69206222267576,84.80835355738841
-28.754121039250542,-110.75946785588312
468.8248513348046,86.1627095976463
-45.930158042672346,-115.24252733441948
-35.20741765783037,-119.03103931572139
-49.04307332021915,-117.1421528994927
-102.74988925403517,271.2729084258383
-5.610879449169616,-116.7247960507286
-56.28463943940667,-109.3719752133405
-53.988281159912376,-115.72568189237023
494.47522133456476,96.70027021682283
497.0285939304281,93.86188047268159
-49.793146018704654,-117.757997522272
-86.56616698983315,290.3600736976046
-94.94191145503166,286.6146773918737
-80.70503236274699,279.73303582889315
496.57045705953925,78.50671241038945
-40.00209913515529,-105.48609971080207
-104.7610507578335,295.56346798170154
-84.4418835997597,281.8473673251424
456.54097226892736,100.06386340459163
-116.98386573779221,282.31505231388155
492.69239417963615,108.30186018724496
-20.61053873375354,-122.13532045316784
490.1500722476838,97.94395431999783
466.7170399486912,111.975842592615
-87.95433942084689,288.5612185012453
-45.29292166344389,-113.23787265746338
-90.95587701725108,276.9508070523088
-107.20413542259917,275.2224667416213
-47.39794902937487,-125.88455817830184
-37.53151949659321,-103.4275222154038
-27.257508618510272,-121.32448206555452
482.6712185268558,81.07972240349964
509.08210768849955,92.60887532240392
-65.41416529543861,-120.44189804060348
479.24213583897006,100.61397994495671
-36.40581603815015,-109.83621678508982
507.5569256344887,87.9523415695735
467.9531511466233,97.16030239786883
-47.364429381884484,-120.34400485185988
-104.31250950864569,274.8538235461631
475.5174768139101,92.96207158611485
-63.47556333557115,-114.4775652809838
-6.514176819254914,-100.9801434652656
-107.408495469436,277.59951090001783
-105.33911711236226,269.95243413123916
-119.97332525329044,283.9900378273575
-84.96335518543559,297.23440984694173
-93.63543755068567,282.11907900716784
-15.651390453564012,-117.12401971094417
-91.03259574335844,290.41523167770333
-100.82087443646398,262.7553243597642
-66.42888576993728,-112.35695723892465
-121.37819555877849,284.2948999193171
-101.147209436117,281.6160563229102
-23.332641511971097,-112.92578710869508
468.557175759877,86.76328317578117
-44.26020194749195,-112.41711254422655
478.75617891740274,96.22781033336898
521.0666329484351,93.88183782040267
496.221076579831,108.53446618415583
-96.8647096548789,271.84514211946686
506.92183989551484,99.90160316007987
507.6164341907089,82.9030422827672
-35.41861168759702,-115.68191631455872
505.50803734596883,102.50244011943713
477.5984097358023,79.82329956474372
-102.81644732601121,260.9488359947812
-96.21423644881534,286.63088984104655
-21.587474816472568,-108.56315996486475
-89.72689378410928,279.9220764378425
-17.3293007368197,-115.82796795495395
-55.34693651085136,-119.85690735745952
514.2732591988254,89.86085629673325
-93.86573793496966,280.794566589116
-92.76156646825012,277.25954791330264
-74.14698024167605,271.8431977204233
-107.18392842377519,284.2419290267001
492.50726167694603,87.32327688333986
505.42511890153105,94.03494980788258
-108.6779799272123,291.43509716590205
491.1691761772176,85.87356793183845
-67.79369334067405,283.1547538226578
477.41376123892724,96.29986600200697
-103.78044254213835,275.4018153528506
-87.97444512260671,295.04699242203634
-36.78226934192963,-113.45253658571542
502.3433610791994,94.48283035338265
-87.19514732010938,273.90988593319037
-42.222981336012815,-115.17769583751745
-38.006035365936775,-113.70054255880463
491.3971954550075,87.11321629871361
-19.273591589473273,-112.12247665742585
498.4882313466762,79.70257001998927
-51.94236853202295,-111.18634466272366
-101.91116902249904,276.00353418184085
-16.58815803003321,-110.95162101904495
-112.41616160727972,297.0452789952549
-114.46361369481485,280.0188030435329
-43.775038639103734,-117.31287451630335
-92.13001800028698,293.2120208150969
-74.77126344156864,264.87071170877795
-91.53316732621086,279.73631654379733
483.82687743443563,104.27454371089489
509.21531242544086,90.92486400871124
469.4350318310572,89.08180186046346
480.25208466774205,93.36576354193276
-41.2214568968147,-115.40641168213678
484.17526336700246,85.47560279468371
481.2540678117783,92.72028239832282
-29.08570263117052,-110.81583175411951
461.88687822749085,92.96779624248133
-95.31013713122258,291.39645654782385
-86.868914336336,273.6212538433009
-134.65987886555467,288.2875853507348
459.3547759430981,77.66831819666584
-44.59539112343863,-107.33879865702274
-91.93634400348583,279.7117401215091
-36.35581334958668,-113.20732662731676
-97.790869246041,270.36961922219797
-103.93943758980105,285.4427229837958
-78.3618424586873,266.9649502046778
461.013703614859,100.13035302767392
-106.06378632020756,270.2869529552509
502.14732364048297,83.83769553061892
-81.41119322925394,272.97151023863756
-107.88924771169343,291.15414248228507
472.3111460876233,91.90465790557062
-48.08073583863923,-111.94237658643159
-0.6676728330763879,-99.9095679579672
-38.24363998167243,-105.68567808138097
-31.037501610920447,-109.00758389706179
-111.45550126606294,282.0937435208582
-60.16656666526232,-108.7189682506589
-93.83476340573252,268.81453766053306
-43.171463656221,-104.9199180984497
-106.80338712346091,297.10917706054926
-29.48697928429724,-111.28922171625403
492.04215942353386,104.0960237152646
-89.40954775543092,264.9563138393738
-89.62596152018209,283.92833099113756
489.69387337122555,86.69567001644577
-52.1270617051115,-110.04527854339364
485.09793011381464,86.09927994169952
440.834786467707,78.44828851838268
-37.22613655786031,-115.19401573932747
-3.8084707916618115,-99.99187982706302
-81.78983717365941,276.76414743333146
503.7574818036579,101.26118397515089
-23.006333535583483,-106.4450104814711
539.0380753810296,78.71980047942986
-61.803144963642325,-115.08767963184279
499.51657045056777,109.66461407429767
484.5748526811888,93.62181429172846
500.28588429026445,105.27311063262394
480.1600077896088,93.42175514645767
484.5266341762943,102.14744567678777
-26.33017117707022,-111.17029217294578
-12.313804174255669,-109.7236117514519
-115.11777907366817,264.86678185424717
-9.878690784542979,-101.0537772249587
-98.4260198262717,288.20088313118595
-18.65694077188608,-122.09389989447708
-45.9330912655505,-104.99088243405362
520.859233230643,110.26178466207107
-87.29818755924713,286.9643660150451
498.61337862035805,83.18948740305734
-49.54159012336495,-119.01311241738995
514.2045225107188,100.8143921218324
-97.56329840026794,289.5770852295651
509.5823295918526,84.32503239765285
-67.12194403170874,-113.43111346293702
-85.68644052716422,292.78435025488614
-63.34370732044182,-114.30422589466262
-81.08037695302032,274.92176486463376
-75.03227618874243,259.5609854855476
-30.618320386884648,-114.63422498553709
-107.90276209643426,286.470944039133
487.5541774436187,93.00331540871326
-38.548241457783945,-111.26251644949433
-86.56127418648677,284.62524941533445
-33.472457976423186,-110.16772894548208
-61.45431900793983,-108.27411674669744
-24.147570952090437,-116.62169126970076
474.53606265093737,79.3471594648542
-24.340289923007674,-113.63845636638457
-47.02554130117521,-109.88017003338884
484.6147972959751,87.26473009850176
514.9427199119959,106.29618017839478
-93.58163102009237,284.7749026778936
497.9509047417231,85.83863148169193
-103.12828190131121,262.41739443093047
-110.8415086952318,290.77203919399506
-100.51873373543282,280.9032747045977
-104.23724958255285,281.3062159370742
486.6662223651383,102.48794390353483
-99.14295540641906,294.10277696678133
489.2014073659712,101.65090056820121
-30.82927486407581,-116.22031467610282
509.0562317695152,99.53897910625257
-16.46560534798442,-115.70870037110583
490.7291500218754,101.52163150541524
-35.9552158595445,-119.67561582181712
-103.84059740517714,287.120833814679
496.5639201105623,97.00432083998219
-103.34627921833658,274.08379535571925
-120.98440744896403,295.85102396916324
499.8770856756912,89.59937725987265
-92.98550033789701,281.2538544613067
-102.80458153830781,256.0909412584748
502.4295504062613,96.08104309711891
-48.09347241043855,-125.34686983220519
-94.8332503111675,272.8269450877708
-89.47580746900206,288.2652229084993
-21.644120944522992,-102.10909470503337
-99.31526515364793,290.1023039779889
-32.915269481842955,-117.04653376876519
500.86154700675394,73.18934686086948
-106.08845778904987,276.9727149749803
-98.61145539808092,286.4645306317838
-99.75930299625395,272.32636300213017
-106.31424573894328,311.046300244161
-46.46642548966049,-116.88453495103808
-84.66940488762327,265.14691433362543
478.3868807913382,99.54645619089007
-115.07558141471655,298.0573382466304
-61.76697190328272,-116.08062222024647
502.169739504138,84.58906228880774
-104.14096655055087,269.78729756635556
-104.75952108789258,275.19811149170573
478.5761221244624,99.22835799668728
-52.54179108294137,-111.97065889458862
-83.10793171029036,287.02339103899584
-86.20620345315976,286.08823017953716
477.53242176155794,81.29805812470802
476.36508967640486,104.92521846179261
-125.87027025205704,262.01308259806564
-27.64509041681566,-118.48813497296081
-122.59092510675873,276.5983912179012
473.76053412204493,100.75956057874198
-95.35727414856754,285.1782466912646
-73.43228034447537,-123.99186189159487
-47.95645590393906,-119.00986932404703
535.9284659648819,97.8152640765081
-95.67777094818787,281.0573585909329
-123.47185318300907,264.06282117990617
-93.82828602728917,265.9634027637369
-48.08328834565043,-112.90497718658327
518.2075278697976,100.11158363360062
-23.857529857890377,-109.07917251367773
504.712419339129,92.74629796198195
-88.18069580229117,272.4048429598957
-107.16682767595069,289.7981657031088
-54.93322645451913,-118.10111359981488
-91.0777596899425,278.98056559834765
-100.54458468530291,254.82173618868802
-41.9153003838772,-108.90282159671635
-70.71258107889773,-117.10560126779642
515.7453900150472,105.05071295863407
-43.65652990098789,-112.70335864545187
462.5800765201609,100.13136562876488
-39.10041051873467,-116.97708915846496
453.7724964464128,95.86033027333369
-113.65330938344246,270.8751977763446
494.48161299712865,103.6634788535072
-36.83210961637777,-110.62663315770078
-12.002977592227928,-123.13240671638803
-101.32636866862283,259.2821031620164
507.4746151943287,93.94830371769574
-46.61470111822467,-117.09302374681695
-103.65964623749026,285.05659441319784
-108.57839956501508,286.47650193692556
-114.73725625718006,298.4835130866742
494.0148494093625,87.86040264667658
-86.13694951886423,271.0642339129222
-103.69748709033483,281.2262486914958
-35.499799648019135,-102.62897970853177
475.6427244623464,81.28650427683574
516.126655107187,84.07739152403268
-18.474137441116532,-116.54390169032716
-66.21026052236289,-113.11895872157511
-108.86524379104763,280.037606560076
484.80321118424973,91.31831524284017
-110.04720902453427,270.49653064091973
-36.46416427370433,-108.11419032953326
-122.66006442822655,281.807593714316
-30.302226222004904,-106.65501596750696
-11.91503551210765,-110.70757623694185
-70.24439959020239,-115.84348184579679
-73.18098507592067,-109.73600168814289
489.6646797470393,88.99340180254119
498.3678947280392,83.34288784868328
505.6947720093217,86.04160060395093
-109.93760953648136,296.42104765248286
504.53993091031975,81.59207470397985
-130.00353477198357,280.32347753871557
-90.3942935390184,264.50439516264316
-93.39730609917686,266.70957207874176
-82.08143484901689,279.6545812983576
515.0715454157843,94.85808094782148
488.05286790675035,91.67202122834067
-37.42819228468689,-111.06363596469491
-99.67564113288395,274.66086008913925
-94.32781718784288,275.5495212028642
-78.15460152819772,308.5826841841076
-27.31843838419927,-101.34607811164013
-65.5063095025998,-110.84256611836986
-100.18829173708352,285.2982086251088
-46.35937089186517,-112.3178235382903
-88.2497703798395,274.3205890807406
517.7882975973596,86.96310422303135
-117.7984753587437,260.50982461606384
-83.92976919630382,268.89149212502537
-53.18930342930738,-113.8738351510784
497.83291008301165,86.00397286274027
-30.127475917223467,-114.43543488503984
-90.18200918146039,270.7984883662826
-117.93738891480743,295.35509557847604
-27.34664004480419,-99.09407167229826
-34.84798996024155,-107.8917117775014
-37.73058628585022,-113.39052186150477
475.4264492829528,93.78864567248883
471.6853871950983,91.28730482805962
473.1608411695522,102.95598428074973
484.70221088898444,99.57168388521312
-97.38724076184992,276.5756735023844
479.19911012826225,110.19583278028045
479.24863929302796,107.30966201196121
500.57193598447446,99.64755147154817
-41.84887392748517,-121.71516698427158
503.86295251125415,85.5065820370334
-95.69291032918834,287.6775092874832
-94.96788160755094,276.291629485077
-96.9415052887917,281.35416607957495
-112.6677744608365,275.12522265531254
-103.13733788137831,274.7520382570733
499.5701590541569,89.70314794232053
477.55938663328203,98.98476138057339
5.394148086420003,-112.52141577491626
-56.50530454208377,-111.80494212926955
-79.99293136912176,287.6540078995893
504.3451973412772,91.33070002240302
481.5595809681863,108.61961658613706
465.55278895340354,107.00551009939191
521.9369056329956,91.25258111710073
-113.97891422451264,294.36078001270835
-102.00120032259518,268.2242959035628
-77.47892279171936,266.27081654744546
502.354340919774,100.9394669848016
-94.27798245892566,285.44449871105166
-97.9116439045038,280.2335345762547
479.405498280542,97.01086321505754
-92.00491854955641,251.90817039762652
-69.17622713514581,-115.88292537131855
-41.78986864505014,-99.9243553409839
-94.18413719181032,272.2389371257989
526.2294212234609,91.65412225838482
-49.97365103377665,-115.690900548602
-115.06374257174394,270.3494492274014
-54.79230019512222,-107.13162646959549
-26.801441804169947,-107.6032355947183
-39.67779465134456,-116.30884881096301
477.8319063688293,99.33062457320233
-106.698783842977,281.85852303975275
-38.4901833741821,-120.23328787095886
-44.97111123966258,-108.15144297169006
-58.884662344054405,-114.17126575223371
-43.47976918316126,-114.62867743084628
497.8995788057325,97.05719515507789
490.11913142227223,95.36935934965287
-64.71044625765235,-111.22147908336493
-23.199235244861473,-110.14501499258672
481.3751721815662,89.580527342441
474.68557172120984,79.53905129892784
514.8288188383451,83.4679523060036
-105.27688674414556,280.6260001558331
-111.54309864105826,273.16574404287786
485.67291957686376,91.98298632364846
-123.92337922085326,284.5836830673251
477.7380635402402,97.42722413785974
-79.77366148607284,280.11151531833957
-91.31118581250496,262.66514530765664
-42.44150213523003,-106.56624592810492
-60.01229180335031,-115.03899204608248
506.91829171962786,85.90729860251581
476.6281628072309,68.58160979635073
-87.69905211716201,297.1722200351239
-108.30551061489025,250.6002912954711
1.3047583150565174,-109.83822023615868
500.1421667759864,103.5105192517921
513.8440149251967,97.04570228198702
495.1481222823279,98.12104979995956
496.926768902165,72.02919833669476
-101.25614585220777,288.1781498310641
475.21222672565574,89.65144219810428
-59.50175219442146,-117.03056148278681
-49.90578402985744,-110.39080522543586
521.6618354662112,70.17501534330887
-26.249997544181966,-113.11545085376137
-8.908344551004635,-121.9703922461775
-65.57998040342538,-104.72497152466066
505.64114743657734,108.64964100659213
-64.1046684042765,286.3002253576978
459.0620340502251,77.58417662627811
-33.04648604840419,-107.63047989108215
-86.18851284645828,281.72034423407365
-88.78380107563797,277.7256528871977
-53.07697849740267,-119.12756800840887
494.10630420615206,87.82769851034945
-21.940269822365263,-105.818236946977
498.1878509476363,112.90854971582947
490.8724107453451,75.70425040082206
-29.50993322049869,-113.12567658070564
499.3037715428878,77.61094447490157
-24.149826910528795,-112.44835101446054
-10.240941931369715,-112.52263892081805
-32.22365021792847,-123.49012859330794
-49.92784789957938,-112.14868847396761
-32.594139397077264,-126.43014444170778
-30.487678041037242,-109.60771892381995
-90.39987652524847,271.95016860582274
-44.39961837499688,-106.41361271664518
-69.33524059846492,-134.08773023357844
-40.31140241540846,-117.99218027117651
488.19214571400175,103.38769608281311
-105.06717628543203,283.30078251628674
-121.30826408934428,274.81322459813697
492.58054898949484,86.201180937053
-39.06104656154451,-117.89237485442057
508.53800105356845,101.67234487898506
-102.75365077309928,273.0076928074812
471.3900625450912,93.91268844941467
-60.844081306212374,-120.83027044926818
-20.244549652484885,-112.7448658457324
-82.20502270231671,283.87125748632116
496.76717436800755,106.25012942189184
482.12484074318405,96.00339218787842
-25.58398157237596,-118.48392531542844
-49.13395549963009,-112.96510850829675
506.78820640902603,97.20354570412674
-84.91403746853454,284.75929628534436
-69.05604285669841,276.81227643623487
-43.68992074935139,-116.66053016709219
-120.54236415391162,289.2765422533149
-97.34521613878013,284.5063099610252
486.87758729545703,103.80364133626183
-75.75742655374495,294.20237874861095
-92.18033145592891,299.7475515794636
-84.361711175265,279.6336254458145
-34.43449241025938,-118.94178949173929
-99.23567146063597,275.52473232454537
-102.7756299231301,267.8778948000905
523.2629843857762,88.00340499636663
-33.74422284715456,-113.27178879926399
480.67864118008595,102.76286295142884
-71.68511340847468,-116.64102566895437
-38.033849390257615,-103.60159171772159
509.8459140267617,92.20809821685057
467.97976782966384,94.55189724828912
-110.85296917423766,287.32108216037756
500.0535357373065,95.34828830196894
-108.97178016762444,259.2676849551886
-43.637694705483625,-113.55708151420149
-52.85930011635411,-133.60817789917908
-44.25660599454336,-104.95413550770874
500.79988601340006,84.89009929294512
507.3683346975848,87.47678529255046
-2.660250385001298,-115.57470937418965
-98.00284193229258,269.4144962489478
-85.88490648036365,264.2779145040551
472.32780771628677,96.35432028903236
-29.898753063965923,-107.25408535539108
-119.90074434493809,268.814164313507
-103.57874760729534,281.0807318439586
521.36766706436,92.55992374319314
464.82013175459906,80.98382141854297
-36.750489679305794,-114.52671544193612
482.16247590250356,81.7701534811691
-87.35319620175261,300.1425588288242
-35.28681692901545,-112.45720515178955
-83.60491511153236,296.8384146515338
-78.66520362791707,270.3882329854136
488.2056954387211,102.7729437995161
-36.11996973468858,-115.37182024991154
486.3259010751167,85.93884240373686
-107.84543378146344,276.8507234500233
-97.65556591321592,268.71752106992665
-45.68266622388241,-99.95139059866581
-24.506970997630724,-116.73667981621034
-21.868337021652888,-101.56252526701692
-35.497051760603085,-101.60403285982125
-114.82469882845419,273.22945992121623
499.326257956981,100.12519031825626
-30.489682782100314,-115.7879046695316
-110.40385996744558,273.91439674282003
-49.293077390140475,-114.2469167759729
-56.314950765531464,-112.11725274573087
485.3453387577656,84.65931126186314
500.99876262091004,85.90524500489612
497.7610393314803,104.73269467599441
475.134068948229,79.67947236951751
-115.24978478233521,289.3945420040723
503.98614410055836,96.51708600609497
505.9877256722607,81.73277776140742
-34.88980785348605,-110.56342541116803
527.4486435404242,79.9533592998977
-22.984025735018445,-113.95748547949349
-75.02808165056206,272.9405220814959
-27.78326087443822,-123.1594665355109
-42.48034724078368,-114.41240468617731
505.57443755330945,99.67430760669504
-67.95852945754767,-111.20905336033552
-73.04818004033126,297.66559167716593
-111.97455054216154,261.21497721585615
515.7767393832744,99.22871693506438
481.4340643119922,80.49807321397772
-66.18170085041228,-117.26778200757225
-97.01643700146887,270.4474627605636
485.5638422391361,86.77619055659785
512.9406129999921,90.71086022424699
-114.68668913997553,263.06777488345745
-90.98456086770828,271.51298329762574
-137.73316307320397,287.2692362128569
474.93672208121535,89.90238519068798
481.72950826410613,107.18941000075978
-55.26895603044194,-108.30613281564642
-108.79676986558519,285.5730335974248
-93.45599254647061,285.63369839279267
-104.02175410159461,290.26071819238416
510.17000798427864,100.89006635956473
-103.48414387915435,283.2245072060321
492.17715534634135,95.14865595188965
-116.47569103764468,285.40048814117506
-91.3821990648386,284.58970590188574
505.1321804935589,91.59845010078242
-44.68088696289616,-135.14563141468474
-93.20091380404521,284.38000454478225
-26.11919692355241,-115.80388176444161
-24.879864092229223,-113.61570489241214
-48.0922527911431,-118.9792831169335
-98.4318841056972,257.87283898062714
495.88072265765715,111.76719426014171
497.5634896855004,93.12531011606843
-49.81750159173077,-112.15152454776587
496.3378520721872,98.00312659513156
485.7786105563205,88.74235300914991
-34.49638271819641,-109.43028971759493
-44.7591522154772,-122.76653486476015
-101.10180800519468,282.41029953833214
517.729309661465,94.78416808454719
-107.0941445652918,271.12405885296334
-44.092165899271244,-116.79262776873097
451.43358085094644,86.8163556887516
-69.09762339907137,276.23950829689767
-54.14009647744969,-98.552856928061
-40.02569621437601,-109.84150265470049
491.84401937366425,95.07292690769033
-14.333417153861006,-112.02302660806696
-15.030520804034797,-116.74233826319498
491.8546242530751,91.02957886393486
495.00525930025793,95.12864458941092
480.9202104029932,91.55570332893453
486.8469242011024,103.32834845092943
-110.55524786651974,298.6439938992262
-48.505473331629325,-119.553659827244
-0.9514731608599831,-121.59471739941755
497.08373895284586,89.31198485034685
-44.172506051774405,-107.40832187616158
491.29834936064253,94.252065349722
-52.780712720547925,-112.42380668579199
478.92022072015953,96.04836197769048
5.356855520238788,-111.80840313392365
-46.09996704276329,-113.45629097018455
-34.234617725468055,-109.79875583804696
-21.054510168600075,-115.0804813246394
-123.73473068593171,285.75450029099756
-89.76055309442255,275.93806920468563
509.38175618203167,82.37919001319726
500.21257658270275,90.07329233526316
513.2232788966653,86.11455479359856
467.3524158452467,102.7150993655735
501.0186860391602,93.28865749157141
-62.30472770367355,-102.00861072624353
-54.53472726345183,-110.0209111464868
-14.220836926203145,-112.57597068442752
-102.91671033296205,277.84710390512635
478.6400198797361,98.52825657281107
-103.37197153003868,281.9621955677735
-81.0190877955906,-122.59243922317296
479.957313379719,105.22110322450767
-78.03287074244795,276.316990416004
-88.35052556742764,286.27803124714785
508.1771445972167,95.06364877065897
-40.94032451362071,-103.67189783142743
479.4294799444788,83.72463654804778
-106.58515762459592,300.41709960815615
-125.97139409684306,284.6034159909411
514.6891301120302,79.05135306596524
-116.21732220124656,277.0516834742905
-81.15604022313987,279.6835244839061
494.96027384607,87.3720661169952
-84.15894686351021,274.9101042633534
-112.26110625786441,277.83414107012436
509.30046857479056,107.00901127366352
-35.23184643556619,-113.99134145294744
510.67182890729094,79.1719307080524
-81.4396177802877,313.9633832331561
-34.712747024115416,-119.45666150951176
489.13185990565063,101.44941893941751
-119.70501611843926,275.0844375367659
-32.986479183659625,-112.54008474759745
-57.605943409159536,-113.16314311783287
490.01135968001296,95.17950007219387
514.279844322302,96.58236046566188
489.16339404281024,69.04829141853256
494.5411658840098,67.46410025664159
-93.22284905866825,284.99347060590753
-45.27183992520713,-116.0105995501779
-41.78215334559611,-117.77035202171481
-89.91139177712249,274.9045779201287
484.4200996624222,91.55685370079628
-35.51308897630233,-106.30046520246745
504.05015172761506,97.0194643694912
478.4644447646473,81.92127068408726
-98.71359499393401,277.20244118509885
483.7412591034563,98.12840254748367
490.3638173385864,75.74325601545975
467.85988296355515,93.0685479281766
-53.012785117638096,-109.09230626852356
-48.23038937140426,-115.65354332187447
-109.8314743313151,266.5836894255552
-53.700368622529304,-108.95312413912205
-37.426426710040325,-108.79843468863956
509.98083926788166,95.9938895055114
-95.37779684010712,269.93262877316045
498.7881867172941,100.96882769530835
-50.67502260299638,-106.40668067062371
-106.03222435890372,280.35294504046936
484.85293639546256,92.57556703606947
-132.2787369406671,280.4901484649017
497.0266518263269,110.50079800256096
-111.58628433151625,300.45319154495695
-90.41528749183591,270.87537572048706
-124.84513193896352,287.4367679607322
474.89557310414756,90.1544915459663
477.43473732918955,89.65788580910476
-54.001306987571034,-113.40778759520548
-90.39609319998706,273.8694297464726
-49.87015491387413,-108.1597947436022
-82.82396576025711,267.75549404610007
496.95195641281333,89.834567519613
-110.07063877400972,277.62792913958344
-122.41293561348924,275.7384077812495
-22.611798529547794,-116.78021432028441
506.0422670555332,91.71737004167
494.6962137091249,84.74542092482007
-60.86163126631982,-114.63022123985034
-27.32191994946357,-121.77304508810244
-113.72223653006247,293.7368867470854
-122.7277080613994,277.03084459670134
-108.40395185967748,268.9968089868073
-103.6824213466297,280.44110213653875
-89.58179797704969,273.32021652442694
-99.26382910426071,281.97232271635914
480.47073284981803,84.16742970180539
490.6604160095321,109.41691315779914
-25.045886651321435,-127.822190972188
508.1722647040625,103.92311364070386
-45.723071718997325,-115.46851320934475
-91.82100699656058,264.302492164449
-5.64483428853535,-101.09429554838111
-92.12335968141888,270.27169463115143
493.09664409605205,95.15049612035855
-103.79265661338972,271.3461958817309
-36.45531892514557,-107.95370357365503
-13.862249720495601,-112.42060195362001
-82.17663082615313,265.3361489994484
-41.00809520442279,-110.5269717412551
447.14488447409957,93.44637915300378
505.95306069031176,95.7853009535601
-107.32405463268447,272.8730418081746
479.38238675638536,98.52238567483319
496.0224241036292,87.31949386749145
-27.700444989038797,-113.7681856885121
494.5964126372412,93.00586615126416
-39.39057598175484,-115.33679183564801
-14.952130746723594,-117.7009469664074
-58.014107593735254,-111.56736160362993
-118.79853520455451,262.95091571203255
490.5326384930673,102.2549363887699
-127.38707591450861,254.930100894346
-112.16867566379597,267.743159280017
473.89277686483706,95.60027274776972
-39.52419257728566,-101.00159005687962
-31.538292918524885,-114.92893936984932
469.47953269626015,100.05699168001496
-35.48429177262061,-128.9610026862653
455.00619683851306,89.34118992212285
471.4419901908351,98.22241546584537
-82.34796468148573,253.3336423285781
-31.572841110061784,-110.65290347389572
-36.841552955013796,-121.3169674502849
-41.6168737632788,-115.6472622356026
475.8099715881553,105.9779219675774
-99.43351572379804,288.7161058238849
472.8918791709557,99.18585885586229
502.6976666229665,94.72507391183223
-34.77097583751542,-116.83482238150836
-41.58365618861363,-113.58572209806051
-42.40015983925857,-114.72335372165551
468.3736241804551,90.91072862014086
-107.74655599914963,274.82335718251767
-87.55398186890018,295.5729469587566
-30.624907062968322,-118.33945209767757
-25.453274265171398,-116.31384532065633
-44.840189527881634,-112.92356700329738
491.042658357715,96.7198486270396
-43.21766229173128,-111.42525218877273
488.4143276790101,82.5397781693953
511.4283457012813,94.64644215664889
-91.94114176182204,310.53751567688937
-46.613408037323495,-112.91626299917085
468.58812157436336,89.0918133360287
-88.1140848589034,290.7773638194597
487.74093145424735,93.4530345821861
511.89356559554557,99.92003223020276
508.01201696151264,84.0598021736217
-88.1768901827279,280.60914724934213
-45.50637642887284,-114.94602013705946
-105.69232351937704,262.1189732301907
489.5271002863361,104.06122881333901
-46.26011002006091,-113.37477341605837
456.33902883115803,82.80317438122978
-49.68764466239932,-122.72218079228637
-111.86660471577709,304.14562939226965
-45.018371398068524,-119.51291096397532
-49.64268712644253,-121.13118561540304
-39.243915869337826,-123.5753640832049
479.9394736047763,103.50828921031287
-105.59622383380066,277.263722590291
-92.56695127043793,290.89962988075615
-72.3062203966728,-100.68508134239858
-108.79179879076528,299.99705806352034
476.102173246431,99.66966830239775
-112.85482239289247,302.85125420542175
458.20350371378845,86.56660187111581
486.5355703229075,103.0695784366199
507.4657634831323,80.13260823484661
480.60204093838473,105.66285782130234
486.85040356368324,91.70400401752238
-94.60338849497818,284.22721333935493
-62.59188327024653,-118.90450021644614
502.0035791657324,82.66690018854908
