416.4044672047049,-88.59144693241157
439.84801043642,167.2774372599883
63.60960271909793,472.8316308094624
-237.5838096737066,111.24116092208011
-470.9697760495437,-327.137433534921
-289.2494264454527,210.89256712448176
409.4267022788549,-115.93294377600803
420.8921461929757,-104.6933792478603
160.43899177454472,390.66054066375597
407.36990869592677,-419.99712934993653
442.80326914003876,156.75040723696762
411.0651515264256,-427.2722996542209
-215.68304566432067,127.4015867793057
318.00393517876665,66.02874273058922
415.8748239434467,-107.3194218286912
272.8583487832777,291.57744348284245
152.10422270911687,392.8821091373186
329.95859151032414,30.95384706015934
263.12146597150377,281.16297547916065
-465.02988319454204,-326.2604067141524
444.8725108998906,160.39040268837732
176.6730055232162,388.42765983589635
-221.7285489530559,127.19817741199034
314.7603660073071,27.860020063684253
-450.34344945214656,-323.0098710096038
436.56434650074624,150.14333020975272
321.1005255354917,47.588583013378376
272.39820575437415,300.37002541856674
321.18862447297295,30.942567937831118
262.8442461410935,291.9170841914931
49.619115400220956,446.90556944635995
435.60480659990685,156.5121116214186
-296.6322784035442,211.48404081557788
402.6332782417366,-120.60949641360797
-230.8126610160696,123.46504161759138
424.78995022826354,-74.54312298007034
407.8178071332827,-110.65463502727634
164.15713574991088,394.8115314025699
132.88566665636353,389.741265137165
-458.99357705197895,-322.9959701552032
145.32883890985076,389.1438581869929
-233.1102689838727,112.50848849810264
416.6597022355556,-397.01235637769094
280.92246102233145,307.2544016676786
457.879222766667,152.63684960536432
41.28920763576993,436.3141126911104
444.6959249122283,157.649983619143
430.602195493074,-392.36698527029284
438.23635249649834,162.7662495790156
432.31737646306254,151.85677618019102
266.4738771348256,283.8660160589635
451.0294602026299,156.08288593006426
184.36269109627526,391.28584933127564
54.04532679276297,433.0736713671835
403.3903963641827,-123.03205093796166
403.5676644151708,-443.23112823045193
-456.5606229332228,-335.09130434193037
397.564732152722,-408.44294853559563
169.71954049456653,397.02475374946386
410.21337381739545,-104.53387622285942
401.3434006618205,-131.36642941061461
273.26025818550625,298.14732930231764
151.98952571048454,388.22208371776566
407.04631799321066,-117.32324599915256
190.26584393380242,384.52429262312114
-277.41419657661,209.81943011475232
403.0741016561892,-108.21002148900557
-224.96955359720354,112.97305659158201
444.6030606017392,156.54836493456017
-454.79193463470426,-334.02266216772875
84.10376648149688,436.13794300670384
317.06039174487665,50.07098511458388
238.51041825112642,287.91502032197724
310.8774137782024,57.42082837177429
415.78672434785284,-106.38701989992965
313.36953970518175,46.640322567045224
-289.2515605513351,202.1790464851705
62.66676078181807,470.563753546583
269.2330304724695,295.6311652373308
-461.3527404178935,-331.11008522884816
441.92163927384354,155.91807534758172
408.03879611793826,-112.44711472900246
50.46551188854541,490.13838962222144
129.78384577111413,400.7547559232269
439.27610743617123,165.45484046181392
437.62298159399194,158.72787311941187
415.90920244408284,-101.15747419771576
-462.78912319634475,-321.77172109668044
440.7271578203723,159.97491091174572
-296.09694810725034,204.82729884345449
-295.0972442287758,201.43049468324702
-437.5778733241894,-323.1553767367248
435.38914685593164,-408.9030182398182
450.71547097692763,146.83007944533998
425.7210768087222,-431.14883661908766
412.4459805449005,-120.59396080106501
-286.6102439714733,210.70980841676936
-229.2323904723173,106.26474606735081
-224.31737195824596,111.82027297543434
403.83131787622744,-403.7597711490201
438.26401599120743,162.0722201322419
-463.486761742292,-320.1169170706822
282.3317718537778,287.74846609382365
-295.72066742959663,206.9634735781541
-232.68453007094652,121.56246705267313
147.46680900146973,392.7206050579815
-292.0074331574604,208.94595851339855
51.905105860823575,443.22774552169756
-291.60656397587434,205.61709681648213
-286.3981442111682,208.94584714237226
435.54003120381157,-421.4872664123287
-460.4777249450507,-320.0571469575286
-478.7985336722252,-331.6531674051982
313.5287361504234,35.01317827495951
152.00125297215624,394.1191140105296
176.11913676954626,390.9443493517398
-462.3597296232297,-327.1876533181092
-473.10498414621367,-318.31054076465523
172.50020424955122,390.2590225355718
-457.49988283347517,-334.95178393556876
407.43616696200536,-400.2829513196204
-413.80893203553427,-332.4888968566455
425.9646844383491,147.37007608999173
417.8811012401865,-93.57977593734932
-212.1722180733646,113.88377211543533
410.40755202099496,-421.776599791086
326.97097795001775,25.207247011777564
257.63772093062255,308.6343927378014
159.5336433587209,410.4282522003883
64.52602533085823,461.6375851026048
172.53112566749442,394.2053979256282
-470.450553841408,-331.9660789905543
420.2615066879581,-112.83266662719659
338.02557489527595,27.95394833625006
433.6280884497542,143.56323390993072
150.9403909455586,400.8563559028261
450.8441879550408,159.4556409068426
-224.21271464841155,122.31179681106653
260.5881930007796,282.98769588823103
-305.06336786231026,213.5029478523304
411.92405942612277,-411.4747425343748
281.61756063005305,282.56680631861354
405.49849758584617,-96.38404327817378
246.7745873316092,313.67316703191483
277.1182389901809,306.46518383999705
54.13804189339239,479.0527903034765
171.78950320422223,383.8314505175747
164.19425101338504,399.5034277280791
409.65458005383863,-395.0445463224416
433.13841475513055,165.90018128990658
-466.5559250662254,-332.094115365365
-469.1415368182756,-331.9284953272695
-298.61263577857534,208.181524881995
148.67843921297504,405.6757690929973
-296.7485790692348,213.74505842400362
-224.5251650237239,107.46618284919546
-465.259812460895,-327.46814827285857
435.04817028219105,157.9822730274676
-223.3495010401326,106.54803553739036
-466.95793281883203,-326.69152393038956
148.24334108405296,385.5070353393112
-450.2011583079853,-328.3210667744207
-287.8884893990708,196.97952910225885
86.34689437010162,451.45726548296085
-455.8027312992069,-322.68275803821905
-445.14001205866185,-339.07105238741804
411.52023579173965,-424.8464677977608
418.5290967727186,-400.5821520233554
415.5084530480605,-123.17168495450532
284.2074541344191,287.4101502064879
-483.60372948760863,-333.2945548664686
-297.2210689743596,210.84687767728258
-227.54268729234974,124.56391347448687
321.87944263701377,57.017477258753765
-438.62129286013004,-320.0581208354577
261.0361887095842,294.71722738055655
408.27638427988796,-106.17278595314983
52.450236756579905,479.9411279835937
179.91720095179662,393.32199603019455
-211.94374852278185,109.10005175439018
436.7230681629529,161.17317340885288
442.8678612424912,140.23302890065014
255.8289844249391,303.2911461273323
31.81001475714988,421.8116865970361
53.99710467333208,469.2072362331917
406.7004406393893,-99.13473206930824
-219.89417159173598,125.44181131357887
147.87270441313515,389.79576905986306
261.1267024489726,288.0232589976311
401.6597644959141,-92.36310141275382
51.519629669008836,464.76445713733494
-231.41381906923772,113.87227482285934
335.8430908914037,61.33644311083577
-204.38119173763278,96.39215439366406
287.0230009066691,290.71650277578954
407.53348719725926,-395.2680745295083
409.906425335093,-404.0263639250238
-297.3316216095698,195.85465804257154
-220.80378234967347,124.32487118277132
-224.21149348677528,113.8402627745486
-273.6795783272682,205.3847508756552
276.2179533324766,302.5406301181504
-459.47066062051726,-338.8801994897871
429.99595717377224,-428.5617508492872
52.61892415274495,431.90640490957156
413.3249450388746,-427.47074716751746
63.91572820070989,443.8527274888681
330.4429457885535,48.54987851838444
-287.4627964973313,220.8380516900729
448.2430181434653,157.61712074450497
188.81474419093172,394.7857254727963
328.2143282363421,37.13210163166885
-290.09576706818694,194.0056752310947
-217.85651996588805,125.58520973346683
429.0735268743783,160.23895485239643
317.6140258465788,56.06416540114759
328.48450777435227,51.29160539278487
43.600832978819305,416.22455142835247
406.89893723422455,-114.75299040310894
-221.9300574706972,113.74146278135319
59.16810054063451,440.23563110388756
403.6486842247614,-115.87692895159185
412.24303031252725,-106.2355656631758
153.5345046572437,411.83527306660477
432.22371556976816,159.85681593144398
437.02986348278307,-398.06617810829846
-223.02166437522976,109.00385379241568
-220.2938875933834,114.62464707811688
428.79884056151985,163.66246656355358
-218.46907107353672,115.13627636611366
419.7573412866582,-443.8635372778153
315.30300942158084,55.29355716309406
-287.08286812946915,211.1311330992281
53.05906996811453,474.9051791244707
-445.98493144809913,-344.89803711334025
342.99519749613415,66.6177022157968
159.9173263862993,394.1164413287381
147.7625435515114,392.5324963719927
412.2718380036457,-391.95968912864913
-451.385340557114,-331.02770179285994
290.7032155824239,307.9220979025156
-219.8287545556408,107.97102244014526
263.1041763956926,286.7825587893656
46.59607486218256,433.18198629412547
409.0356302210886,-126.20728818682392
262.0691273712234,298.4605633246253
53.42486038140786,450.1194740039564
-215.75885991503017,113.8362113219786
70.73931193103789,455.78290877881693
-443.09613312065596,-334.5108338180694
418.3427834085619,-428.5043047005912
438.73213752302723,168.48381069796108
405.98398382360165,-410.9696807058564
414.01048669598543,-122.33954768505865
408.885405797354,-133.7169492160357
-287.865326305614,194.2249968863109
175.79550276921464,388.6734101921567
-473.33121441780753,-315.4848482414791
144.96493004120146,374.5708119737203
-294.84325781001786,227.45121505721022
-286.17759561516317,215.73278454207417
-290.79021534983036,201.13650723465793
48.61488629289288,451.3415970399961
181.61113813094778,383.3417437381644
56.84522915871064,456.57406372506074
306.2276390019473,79.79989240590459
324.20286463226495,46.06541803074065
436.06237806993164,150.31367026535122
167.53554262193464,385.3899781593028
440.8247798265528,156.40563273000848
340.1395928609648,52.04505379107228
252.13027319146983,292.28065085625883
432.11350546055473,-397.7246361860336
-454.8386953202926,-338.04286944589256
439.8341133891866,167.12166944600403
-288.41681053570045,200.63165451447196
-297.6287403305585,205.7827107611893
413.5258052572597,-114.09641591800383
-470.71201045508104,-328.28562569880495
69.03273276579222,425.11587950958636
322.85199871376096,53.83189191974759
135.3328568598534,394.57585646412986
419.47291108613143,-393.28184192895924
-291.4560018753466,208.04907531809013
346.9328295059822,39.322884161912626
47.39424345144547,462.1758326126228
398.01835292626583,-150.84625569033687
-211.78331176665597,107.28300190957107
164.53157934945855,400.6720073792375
273.92808887079354,281.0113322364901
265.74658314287404,291.53781664330785
402.8066711824574,-80.19602117760594
-292.3868507869041,205.35332718807618
60.37962145294905,505.68452219788827
420.7669588721357,-417.0213866910961
-440.0221031640581,-337.85388112959487
-304.2498243573142,209.93297579963738
289.11631736485293,293.59455924191553
263.6624204475239,312.09521644427537
-238.32333546435723,125.62122287683842
-422.03754818909016,-314.4185581828547
-476.39435764547244,-320.03125687471993
323.1211082626823,42.808132436695104
164.8880408482788,370.2215762946539
334.15513288348336,27.990277548828413
53.02777826429277,447.32758844846194
270.4378613651302,307.3717952322787
433.5400149525376,-411.4803295319135
432.3674450585085,165.80826619127427
278.01110560020527,292.7516117576976
269.3465981152602,299.27827648822597
398.5581963234178,-100.05437859406123
416.0972716753952,-101.11518848182463
313.0867292982321,30.580424241392684
53.2796777492017,469.5365723119051
276.2567436099389,310.32070964902493
-236.05548988903666,118.24620423359299
393.49473683569965,-428.8540338476589
136.12578857125777,390.36708251152936
410.17737768711146,-111.1540516033993
274.19013264798156,285.261129332762
168.8440849495781,400.7661635170902
-224.13867536207474,108.97550529058039
-208.5517888653615,108.22867346274217
145.63036814897544,388.35522088110395
314.4139055107154,20.007297886672212
144.7950682011005,392.41576106454477
40.99624914269901,463.46820077053445
-286.3493771630217,208.1404052409642
322.10214094716736,27.246166599105003
-208.44482987795067,122.257645605017
-463.672749814323,-328.83566974149073
332.6906703744413,34.00923208364702
43.68183986879325,456.0950561747386
318.5072328637841,51.06914724357693
179.03153639781533,400.67706252869874
424.68876095806564,157.39021376425052
66.11070215562071,437.6335829418026
149.19693650384016,383.4117691654262
311.88683375860865,44.543075254798744
434.95926004478804,160.86670432690076
60.090626320430474,428.7007288501267
181.98786654410796,383.1586434674433
425.87432955588247,163.35055768281845
149.17792115695687,396.22164084803563
-478.9227304589236,-333.102869547608
-221.24794137920415,110.6383435095368
183.47061227602097,395.3698787151757
419.86144113174913,-108.14399969360451
-292.21576435583256,207.4796929812059
-292.0578462945377,207.7981295622331
-470.53568173956637,-329.7210914835992
433.11109285218504,-420.33097395432975
414.1577581855731,-392.34922121234365
429.57208139922477,158.33395540999186
51.59983362872296,419.09819835645726
257.7445401110804,290.08429337429857
59.92157791976021,438.61949309258756
251.61032457454905,300.31463294591487
-295.2381867928128,211.08632508990246
411.36044043183733,-416.01746751548546
-231.2267499345351,124.59878140139178
404.0496981161866,-419.0726649743931
140.1831328090883,379.116743702979
134.44096639586914,382.24345308567695
174.78893224153006,394.99403763776337
-471.31907897346196,-324.3911034877167
326.88057128628867,41.95974728449577
353.9958918556028,55.21787046419896
-288.0193715909173,225.95200863198076
419.32394543946344,-412.88264783766704
-298.00771383102483,208.31196578200507
-221.3656547603639,114.08599702342245
-223.97584060498204,104.97170757080212
-284.1608854660024,199.37927470389502
406.20873741818065,-120.96171232939255
57.66848440569005,415.28667394822
59.300978761829185,450.63408077304797
-226.89261591530837,106.32445589267697
426.0160695404377,-111.3573196704871
136.25461081574838,401.462507017433
-230.78615249422305,106.63974666594453
433.4069523301828,148.50582376810922
55.27763864927262,458.24020338442784
62.6819191518424,409.02853243113384
407.08166219020154,-87.49255156123276
430.5816267436141,146.82772746759912
332.80356405245664,61.445084562285174
-295.4282215372035,220.63070344957893
303.0074040933267,277.57664707768095
432.5971137014815,154.25158378677716
323.6476389438799,62.52321240208019
89.5178056884723,474.91719327496304
445.33367300759613,155.69121123796785
61.22504648636264,442.5019040032794
266.4190807511955,294.0179752785917
291.78761862490455,288.46658465332905
-222.49676899646977,112.2086426391393
312.5782699932044,41.02152109106418
-287.7928167243162,209.33453262488163
419.9485585849813,-409.5508429452205
337.3103053395796,55.68337056480785
419.10526094537545,-399.070028363334
-224.15072541009306,117.95528438243785
-224.34699058375745,109.16860085408729
62.54585896573096,455.9657864615068
334.51454618277177,39.2859901940397
-225.268026718279,100.2616014736868
445.6085275600251,160.27647529479282
388.90762556928695,-412.4506928044743
-458.0204864848138,-315.72152027423124
-228.62763591549393,123.4970791809024
413.2648657817509,-120.97599692040492
66.54252549528267,454.5712738643051
311.9185721816728,37.507541760332174
79.97853190885778,463.4745396908642
59.15132307927252,459.59818369135843
422.69078112511863,-412.60361922989284
280.7376158570601,302.3744621632318
285.01913622342505,288.27501560037786
429.4476957377599,-403.86470850580537
265.21916792941295,280.91174712474174
418.31219096114745,-415.94248026997
328.55738489556114,26.530074314541594
-471.41155619560357,-338.7323960616659
241.18862720591505,305.0790065939139
264.47552113900826,298.81844406575885
395.1651849502227,-406.4968159372445
-286.61816449545387,215.67256970917845
341.6189208966839,38.341993456233865
-293.4993419860777,208.87997800396488
411.68084083953437,-124.17579818097053
-219.91856414537062,121.65081234862217
-480.30350016196286,-334.5307236753664
334.7905614732295,49.58695345714183
419.7489891490898,-411.2950818383366
433.5956960641471,158.3162756921191
-299.66529260166317,203.01485947614796
312.16788632608007,52.29682266488732
-301.387472342539,202.39817227740141
-430.6418381620455,-324.7580231128019
-285.93125303097077,202.0920752256444
-221.03990409430438,121.187483481218
408.9698188872973,-104.70098935214232
165.8243089201046,393.3419186104963
435.9781725689823,154.48825424725803
323.0090020632538,21.76517446695287
405.1368615624241,-388.7229322244997
82.45462866283331,448.7668740381321
412.9964737524426,-410.48986758324924
-296.3669955055282,213.38821057627712
441.2188026314731,163.87689281793004
323.6332950862971,8.317237741070393
316.82341222914835,38.03853774174287
277.9211169985568,293.1553627697393
-231.73687858200253,115.4458052830036
449.0117002608482,141.182514027668
415.42743064989855,-91.35815106523573
-469.76086330187115,-330.2694931674796
410.33904851940827,-411.6802743084837
282.5009217236613,283.72807347222897
411.32097140143645,-108.53560268703892
72.11826296719534,437.6983534520437
412.3647089220322,-95.54056789973458
-302.1414043115326,199.91279200586789
-286.8204921109878,203.01631873605012
48.91773602638613,463.8245032396014
-443.0311841043488,-317.41975527258205
413.8799990059486,-96.5434681588148
421.1694116367359,-395.3721731979277
-460.1101401277267,-329.41913813638854
407.0066965786387,-403.5533157993062
277.21145718129617,279.8170691296479
258.34878907266744,303.3918812943231
410.49864633516785,-404.53749316325786
329.63184576086655,24.482064197141796
238.9168893363384,280.5117373085175
314.9550958310406,39.92807173930815
-300.5546708689038,205.07087915381595
258.56130927843736,304.81846551231627
-293.0990544985893,210.2215934178775
-230.36839463821227,130.75301189284752
411.04766819280263,-80.30806597553658
63.77694501594959,432.3842768323682
433.5337798565541,153.8011994868319
429.0147306534976,152.5247784359132
-482.8059152047157,-310.99493042495936
-469.4822858192922,-328.85266234679375
139.83826603947938,397.9165708478688
418.4668271632225,-97.63206603029624
413.26959808734154,-424.2626399438003
427.3225026330778,169.35900075618196
-210.33095974079723,96.96215433544599
-442.6544298622347,-328.2968151636951
-298.94846530642667,211.89108283472413
439.8252621477368,154.27739156160573
416.7823085644827,-97.59286561156622
398.0598663964473,-89.20515856882403
-224.74795563723293,114.69678354898973
335.44662278966234,21.803959765390765
