2017.3309997661331,-1250.7828115283019
-1354.7217295609535,489.83535239460144
-2116.959702751844,-2476.1494871470973
-1760.805384503971,-1726.2000387519008
-1439.8526516633103,1378.3905475348747
-2109.0067026995466,-2538.2204742180647
-1444.713719437525,1339.6803777172756
1726.2816752390247,1273.4774331065455
-867.7055659166234,-684.4601023224218
-2217.2484681100955,-2590.7754196813357
1687.6772728502747,1147.571645380573
-1496.9940760860948,1271.1024623083106
-2033.8094631630895,-2409.744658720945
1757.1102284315275,1353.4862992309418
-1475.4390505016474,1356.6405387337782
-990.514928331755,1439.9700422781723
-1400.1575309637865,1453.6208047513933
1170.5093212493807,1575.5714659889545
1007.4867837446347,820.194141081565
-1348.698010944293,551.4013056996865
-2127.317513682234,-2595.6165628862873
-1697.6700766502418,-1863.5096159551463
1652.1839560835895,1299.1267514408767
-1749.0104162986518,-1783.7842700637184
1661.0098755088038,1266.437544034516
-941.2566802407484,-722.032915733873
1987.4096244053394,-1261.0838571209144
1972.134586118996,-1280.8062003799614
1738.458754805117,1271.9111896597708
1972.9963389385066,-1200.4524728176493
-1683.6788472508445,-1789.950706573099
-896.7883903461609,-726.6793175005596
-1715.5972815758646,-1756.2225950346992
996.8096910183644,880.4494379812519
2014.7893444928154,-1355.8799086138567
-1361.3401146098074,556.7524957064423
967.9878590176028,735.1810457132434
-839.3518354814881,-720.947000075019
1986.0406782591317,-1238.89055317404
-2156.5565174053177,-2599.824534960385
1679.4439151533463,1350.65175851737
-1446.9354904216664,1351.166151517259
-1333.8694713394764,530.462245270576
1272.3080961261746,1519.0021055789189
955.8955552054783,922.3354472232326
1210.7339594981308,1573.3950454429837
1123.8603980675218,1548.5565279216632
2048.697052411577,-1399.0309214212193
-1034.06487474869,1383.0077920928443
-1661.1884118844703,-1731.2280628715064
-785.6435813278327,-733.9985381210145
1016.7401166840505,975.9563242746356
1990.3631164309825,-1251.522680845665
-1036.5112172953384,1204.4682298497587
1252.8171348794685,1566.306525837835
1063.3674921054562,837.2871608123971
1754.3693462486629,1368.7846521502347
-1290.6905449957367,523.6639823096382
1092.8046977193794,1544.438068703789
-809.5048983382254,-565.4609081529819
1213.5485794020028,1526.9981352464993
-2165.028343683787,-2567.445757103404
-985.5251246290641,1375.8536662709455
-1667.7427274916895,-1766.464840128012
-877.4413219080616,-638.2063478204427
-995.656747466078,1425.0638237173184
1195.89978066032,1530.826953652717
1981.9751965373107,-1354.1634989399
1737.5458338960489,1245.1637274042446
-1678.6804957564552,-1748.3013683435652
1996.4158008379234,-1365.8070963690552
1071.8619048242986,1570.7575960127062
-849.727562719044,-649.3730027808899
-1717.5600449470628,-1771.5848132922915
-1403.8309067263606,1419.1842308514795
-1012.2110308631159,1326.0156608740187
1133.3367668444741,1546.7071276660593
-1287.786106580425,528.4692413766124
995.1531360317297,978.7097733693497
2056.7999108662425,-1313.8618614170502
-848.5425432174596,-826.7224528589808
-1048.0367963514923,1259.7118419384913
-825.5398468444444,-696.3404904359662
-1471.6851755420755,1340.2980565898856
1004.8334485640202,909.8546811500169
-2189.8712487226344,-2432.7440596405863
1150.4020775772258,1506.0855399948764
1460.8806851036193,1554.9902874467084
-2160.1879523474113,-2334.4956656613886
-2145.5136377045737,-2532.0690365382557
954.4433037375625,797.5790048589251
-1759.8231004928641,-1713.6931302390658
-1719.496170423938,-1735.5448589638447
-2098.4646471371825,-2497.0082181423913
2037.3637181346962,-1306.6968235428892
-1181.3663010733553,1428.5466346331743
-1523.4846185878919,1367.1946390559865
-1768.4653691119634,-1768.7552453440771
-1432.9977149247172,1335.8804008632053
1053.909639591738,829.4131811477971
-1681.6014569783251,-1740.3646110306956
1732.9631242493206,1373.634221473203
-2254.558137324469,-2481.918662068309
1030.0180220398242,1541.0216388619942
1031.8559925687837,816.3548284408953
-929.9346084143289,-539.9392664043378
2019.0296319007127,-1308.0390762877714
-2136.72622657836,-2407.3909368593527
-901.8892817802813,1271.8255056784326
965.119135290547,955.9889445052055
-834.1926471426736,-719.4407359660712
-1398.916024629221,1416.15618101274
-2088.2398071838306,-2483.547448134404
-872.9794603005591,-678.2962182166734
-1409.1139061399847,1354.8486652974768
2016.1340802521956,-1264.2432886643494
976.8939663083753,834.4281531617364
-1196.9647981728172,1341.5601160117537
-1699.0711031852022,-1716.2622153635841
1740.46830849677,1447.6100083813856
-1741.5972157841813,-1812.9543075400466
1725.8841477433891,1277.6070801942624
-1415.4037629416653,570.9351334802811
2053.457010378276,-1344.4418476987776
-2192.782321159862,-2421.4931314717032
-912.5650269545329,-814.7402193798349
1175.1625990450934,1541.1362902798674
1134.9026258126028,1525.8680648330742
1761.4757848413853,1310.226047873872
-1399.9881413420449,520.8501595054901
-900.0974211919694,-649.3486219718261
1043.8052821681977,899.7898134788298
-2199.0342036541388,-2477.708714086371
-1444.949563181934,1372.4741432991013
1140.6682609756208,1541.597363863355
1171.6703675297863,1540.0392694394077
1723.8694438922817,1328.250410259716
-1370.9546486651984,528.4558867865259
1882.019771120643,-1289.3343557350172
1205.6514638744936,1568.0995948292787
1736.0379985603656,1356.4500345575393
1906.51560743636,-1267.5974228995326
1676.027164669014,1314.6031653882892
992.3631450231121,877.2702181476662
1024.2659433942958,844.810366755328
1975.9679622765377,-1262.8578063576044
1696.8437956742243,1413.9510793529666
1915.147289417291,-1290.2416174712423
2078.6259182721774,-1278.4414221137167
1007.4592249497955,973.6895896387584
-782.9883826202819,-777.4375657374965
-1702.2890594782998,-1805.0520427397541
1008.5792177958149,767.0769547987054
-1697.7704563688696,-1743.7155234138486
2002.6898849925794,-1322.379478232879
-1712.6027244821114,-1779.648579454122
1002.4221261475509,934.5820943653836
-1014.0920628293372,1354.2391386354934
1968.4947377927886,-1250.6580315650087
-1409.5794663861195,1360.9253387835984
-2072.6383822443954,-2386.613352986623
2026.7959602318163,-1309.8900683627348
1730.781579006197,1276.2140414234918
-1485.108102573051,1452.443604619138
1226.2451921988654,1534.9498339571007
-915.1406918937004,-699.0531596299576
-2139.5174000949205,-2502.3657595493773
2016.702655716111,-1216.7847163333033
-1457.1093598285277,1276.645746590463
-938.8738083013952,1329.0796708972873
1001.2310584647192,1558.6137296149266
-1016.5074999135893,1375.1466836651814
-1288.1615493058405,559.2863718003958
-1431.81918556109,1432.2393742337088
-803.1422375949014,-614.1203554393613
-1400.3519470041333,545.8038444012674
-2125.4234894601213,-2598.3302751552624
-1362.6337740992417,513.4078163392509
-2143.124366134313,-2658.2945528606397
-851.9953284682521,-749.9017714639062
-1435.1161507509794,1353.3800017324234
-1015.8067065031523,1417.056806061751
-1036.570189506045,1335.1693945480908
1967.2155776378934,-1259.0164056190602
1033.606557162619,882.5703621000134
1724.0052301619974,1345.5264439330113
-1062.6548307995897,1371.003213474696
1787.8652584622753,1223.5058777234824
-2149.6206212595985,-2571.825341648168
1996.6845618147797,-1344.2381394276083
-1340.207841631629,543.4826425289383
-851.3492729783096,-716.7935088075566
-1400.4217859093785,565.3056757312225
-908.6377223198745,1352.1006592578535
-1358.9445013398029,530.3381368395783
-2198.682770207167,-2453.960305014796
-1295.6832909298078,576.1944034356222
-1060.5902154028324,1427.1639576249968
-1401.8338914837411,1386.0109238430737
1735.5418050392077,1286.1539032421415
1671.4522327265097,1379.4316975222198
-1689.0389905660713,-1732.6133502777307
1018.8254503767747,792.8962052416798
-1757.9277808668858,-1815.7126872872075
-1281.041233451664,581.5839475129162
968.3020524277379,843.10528358691
1876.394639962692,-1303.1249571345502
-1440.630516357511,1366.127447733686
-2031.2883135983768,-2533.971353111197
1761.530337575652,1382.4544847563157
1937.9951802535559,-1252.2655359190755
-1469.8370382179037,1367.8685235160522
-1708.0329468674838,-1821.9887741878322
-2171.0048796177375,-2543.078891460759
-1424.1777518912309,1364.1379774869583
-1008.1978232676995,1298.2186020976012
1022.4715547806866,975.2945243022696
-1336.9175656802643,540.0831273983646
-1711.6240438866262,-1741.1244751332001
-1396.7362086156127,490.0012223793097
-824.0685407492851,-643.9348017415888
-852.7067940278928,-775.8146865254847
-1389.6578720417465,555.4931424537433
1756.9248821706685,1310.3053208281665
1019.5466436528932,1475.035214196859
-1038.1425647067747,1323.1251787965402
987.390210673436,963.0849139165774
-1714.2949561424944,-1722.595948800406
-1702.0941331831332,-1861.7754826321254
-915.7933635917954,-631.1353643426522
-2104.436183068726,-2523.1286408610194
1046.5404528754004,1575.8451427724995
993.653619380074,836.7808305004294
-1480.1097422818696,1413.2989776310765
-1530.0293938417637,1362.0299331882152
962.1919937604399,897.2070354258638
-1726.2986861877994,-1761.2099895102847
1973.8101340614667,-1304.165754171518
1039.4251443277442,872.49118566675
-2205.1479314964404,-2528.6743080153215
-1710.059073914709,-1734.9705776673584
-1450.675227848383,1430.982457698383
-1042.0507254257864,1300.7416631609217
1181.5779315172424,1556.5054638949548
-1380.5620307409256,575.2205013502754
-1690.4134163606286,-1801.236019904441
-1034.756464112455,1348.4481655852724
1931.0696010684387,-1254.9775995061138
-866.3323868000921,-718.3053578102304
-1488.5265954754252,1373.8634628923753
952.8084013833771,858.5201794914154
-899.6303551136343,1363.5139816113422
2042.9718097167085,-1236.5428491795499
-1382.3909608352233,533.2617851986817
-897.0926281353874,-563.0116198881528
1087.2081369749399,1573.6411965540378
1716.468832611221,1269.1956581067893
2016.71585032603,-1277.9093161765018
-1772.9379637242225,-1771.2910092088675
1244.5549961722031,1516.9332480101434
1969.8613828968607,-1280.5833468272504
-849.8862751413758,-740.7283775842999
1200.3875749110468,1598.837753199937
-1401.521101320317,619.4083589773229
-1099.740451800753,1387.3269715211113
-2183.9454531913666,-2520.248180615156
-1408.5491198953696,1352.6912604572965
1117.1517008193869,1562.918413008698
1688.5691292189163,1256.6808185543089
1160.7094403870367,1563.2871553464129
-842.1228051036733,-677.5962918394619
1923.5349392699359,-1401.0659526530746
-1355.7798448522458,584.6928915697392
1991.2455909172154,-1311.1043211168442
-1448.0473483947108,1413.6911085299716
979.7171422975754,1536.6470374694095
998.6861691755571,691.4054773376545
-1248.2105279922498,591.684930859168
-869.6850299340283,1330.562658030672
-1427.8694525370274,1369.8904843855403
-895.5209504578991,1401.166955326241
1056.7424106361102,1497.6917179182487
1732.950558226854,1304.63339021407
-2140.2242472438325,-2568.676541836923
1143.835800784887,1509.51151280356
-1689.1006300478539,-1744.269138436299
-1457.543306348748,1339.8480605042068
2031.8527884652667,-1265.9613212375955
1967.130389723377,-1274.6739079480162
-892.8007017512439,-548.4058309921764
1739.212640864863,1289.7051241531099
2034.118537166739,-1391.2930890445514
-1733.9994340203764,-1745.0040105772628
-1332.8228176554576,542.727608649827
-1322.3491285176453,597.5176729787047
-878.9251380307924,-682.4251879793686
1722.4072451799375,1344.7201961755363
-1332.4771878979252,536.4610427198376
1105.376260630888,1552.1913143667373
-891.5655450235193,-785.2550544340369
1723.9064744587397,1411.9978728104334
-1725.0278018228946,-1757.548722815309
1719.449902565884,1437.1651795288049
2100.3368285825545,-1376.7020387107268
-1664.0466470385409,-1845.5235055333421
994.7155073385319,877.7431681953556
-1469.180925192234,1279.2510115068671
1715.8591839377493,1197.0717956710541
1001.1033925237801,1556.8337688005126
1655.2249455079764,1400.053568989117
1026.4457559908114,823.4726120367603
-1706.1873312818666,-1786.6305099002743
-2211.745618467473,-2548.365020089131
-1425.0508564918184,1427.9596097200704
1011.626223174933,804.9008566395777
-909.1391208441117,-475.1998222926328
1023.0000951155945,1569.189688019034
-882.5897889744779,-684.5762287562611
-1356.8779642786121,486.87348638838114
1729.6436185715404,1184.540860274627
-1037.5669315507946,1319.0893772967177
-1350.0359235667713,497.0548206173268
-1456.1537480703887,1398.7533724543089
973.5107026562224,877.3666353214165
-2187.9543888779613,-2603.51108750697
1733.4192982630848,1249.6464514198485
-1722.0958261812098,-1737.961014501955
1959.3639197403168,-1298.3928391366958
1641.3807534485916,1483.6154117705012
1978.6526686025334,-1369.0805001092326
1988.1822899626156,-1343.178296529129
-1453.9781509537227,1395.3099764807828
-1350.5445490827121,648.5512009361039
-1424.6860413003672,638.2025195738844
1214.8698326648378,1578.462656052301
-1674.6994110424603,-1782.540268761326
-869.157215308646,-681.0419397980128
-758.9627139144601,-553.0607378439054
-1719.785899155673,-1728.09723603994
-873.0029362245564,-778.8397395618663
-1387.4901898997152,519.257295003179
-833.1032327420174,-547.9145684545866
1003.6623492013007,964.766969563159
-1328.1102309022683,588.5100047373257
936.9889893974986,825.6495697510355
-1443.5225689649426,1410.7404405058232
-936.7599463082581,1341.7257965656413
-1751.5010435615825,-1791.9129232897312
-1005.0352709474565,1301.163182396348
1174.176575478478,1536.9314545112757
953.9212931058769,1497.616512032068
-1683.1952723002175,-1784.1161491841833
1084.6339409240609,1522.0554310671519
-1316.1565635138359,554.8675023362907
-912.3201256213192,-707.8582188017685
1670.0118638355787,1353.0738249367257
1691.7606416032274,1302.0404456967162
-1718.539669037714,-1766.237845213571
1189.3775618496302,1498.9518239356787
-2214.7972710170457,-2499.512583861115
-2139.3360929302908,-2521.258516201333
-1694.1394172001253,-1828.2087265843716
-1473.6151947810852,1405.1137176664365
-992.0369884218042,1314.1388146430402
-979.346295223345,1245.4732547298988
-1486.0737520510006,1413.5033046909198
-895.2659347671798,-619.3032395591013
1982.1830273577825,-1330.9177113964577
1004.7305318177276,929.2504249982597
-2211.134814911525,-2578.2472036424047
1080.2905453586507,1544.8735235874865
-799.8038625714659,-642.4351007765365
985.149874183879,868.86169001595
-1773.437927792377,-1732.564000785202
-2099.957653651305,-2590.5710194529174
-1693.6468654892353,-1772.4862322730485
1128.6618599650492,1564.8051403016495
-919.4406382703925,-609.5233890771086
-1498.2016574784996,1370.8237158513907
1727.3574691968508,1219.1971544557362
1214.6441302753287,1564.0466739766077
975.8522677748364,999.8830434114348
1005.0682135076195,909.522881819956
2020.585090361845,-1354.9659799213287
-899.3433354751799,-531.7459199748207
-1384.9512937217592,543.6043390546332
1682.5159199513255,1259.8635504173742
1717.7274119844103,1234.0239373536967
-912.6148123132733,-693.3537066779584
-1098.4614300784442,1434.831206127708
959.3270625382121,870.2216098005682
-1409.4174338459236,1382.5022458514507
-1447.831280468871,1350.3570142581918
-817.5155404912917,-763.3422700361496
-1458.5048881284756,1391.5677593022608
-1351.560126577377,562.3776247912343
2043.315516105509,-1248.7718250609937
-1685.7036943692272,-1770.468538938908
-928.9533205191369,1307.433148705778
-1319.9374400296176,556.175705544762
1022.1146358113856,899.361858730989
-1459.8004964920785,1353.5275086528147
1961.1916817392687,-1276.5585847608418
-1425.8701333711538,1359.8009715304268
-1013.5742295480067,1336.8123283562982
1713.641133311492,1273.5693536521624
-2121.734529863922,-2488.883564341242
1942.5786437114505,-1346.9826369179934
-1503.604700866933,1391.6386129534294
-2174.8200002435406,-2534.844969800924
1036.7116305568702,858.8319137810422
1724.4903325809028,1287.3075389821317
-1735.697714790789,-1746.767795986452
-1713.2115512885143,-1730.203118986392
-1061.5904006767205,1306.7627268700985
1007.2705168922066,804.5541029360311
-1316.450561578998,528.4613971814227
-920.435574206422,-633.1242300676166
-1398.2925115497385,1337.4532953446235
-841.2054111107077,-606.0155784161498
2024.693866046172,-1412.0870697262444
-795.410995312965,1297.4553639799376
-1473.6085981742808,1393.994268208143
-2230.8585602471303,-2490.8325534772575
-1697.97456139176,-1726.681659220027
-1422.2996378983582,1358.2574427710078
-1751.9499303334962,-1789.4143771752954
-843.836461776273,-652.6627588642281
998.8455938032406,851.5927337679709
-2137.7051099896635,-2491.6718258094493
2001.3782340706446,-1234.2815218623962
-1377.5169053643988,517.6200159467331
-924.9545980188869,1230.5863897956342
1673.215726088986,1290.29331479888
-1725.1568122346919,-1751.8217313088178
-1343.416599577532,545.4886376209167
1626.1335749073392,1395.4290294410935
-1483.8627575255198,1390.6341889952723
1268.8718304232243,1535.1694839874017
-880.0837852299104,1388.6046404465449
-2178.9515797883396,-2524.095950412917
1069.802494591426,1597.1779950059472
-1347.6574708474352,566.5816282425715
-2042.9953253780448,-2487.4653116844206
-1396.4268232688157,1290.200522395308
-1681.358635142868,-1752.4787332962223
-992.1411041805886,1323.5128243208342
2021.1768132990444,-1227.1755683511647
979.5243376367368,885.9806492881121
2006.5854495349288,-1345.0112647281926
-1319.7160242373373,453.41838171852885
-1692.9190492102844,-1791.8194159587813
-1322.6336288452026,532.3164307143854
-1728.2878732181302,-1715.7646560099117
-1045.246947354589,1364.2631064708567
-2198.0480093619403,-2497.9818621610134
-922.1281228673807,-580.179974403506
-949.6968352493415,1335.037631247016
-860.1141546562853,-639.8541950437248
-924.3736447854659,-476.6286746776424
-1121.3434064455034,1295.4502494889284
1006.5369962746602,740.0972366544482
1761.3047613698684,1254.4106868237077
-1389.4924326726189,566.0784304391573
-1675.4990522704281,-1785.3037891551612
-1382.3383893316593,519.271716685233
-1355.2731189297497,578.4353842705331
-899.8153207972213,-708.8246978760604
1633.634289193823,1292.37925407076
961.526214187276,790.1932950210357
-1075.5194445423986,1333.7084502306104
1784.4682982226855,1421.18227199203
1066.7101974402449,824.4955968565135
-1366.3224114610955,547.6498962352036
-790.9951378858894,-725.0814573052542
-1068.7854282769115,1359.2742335022356
-1717.399686522192,-1770.2371839009293
2004.358986332425,-1275.0478561496527
-963.6310904598552,1380.6862003238823
-1396.3551494231547,523.173578130644
1774.170919359769,1171.659938196636
-1333.180637321499,557.9542669668018
-1373.915124170458,559.5637618599518
-2187.2183723838493,-2548.1064138045754
996.4510964434039,847.8622996124714
-964.9410432336928,1399.0978723383644
1979.2122741751896,-1305.0510536793583
1739.8060269003481,1350.688413578953
-1449.8786893958495,1440.4686888919362
-1446.7526499820465,1384.2899962414594
1250.4119406474272,1538.4309952516096
-1383.6805616275112,541.0531231525323
-1677.6070564487075,-1780.4562315961828
2054.525286366428,-1341.2886668641756
-898.3640059929593,1421.4597387414085
1035.6173946149788,998.150572213984
-912.4686141830418,-562.6041233628468
-1654.4057092769542,-1817.5845592358733
1240.7537471014343,1516.59977502381
1702.4880729161944,1247.0891599411434
-969.2503913846115,1405.7002213220267
1703.8146934978515,1343.906835252191
-974.7647484222192,1403.6015577572718
-1406.7888351199572,1371.7722043789502
-854.6190511982871,-776.0607184034467
-2112.0330441246847,-2384.565839230442
1036.042279212807,862.4779594596213
-1324.6790611038564,528.9856980835225
1760.507083599411,1315.4625707862651
1730.17196606617,1332.884686779435
-794.0457993182532,-605.0342349060536
-2195.9097108129467,-2632.703471716458
-800.0059096221438,-559.0712737959343
1263.5528776377807,1613.117670699868
-891.2679839447518,-698.1084511257932
1039.354234377843,827.7416935048981
-896.6614009716959,-715.4853351318443
1050.6566997454563,1560.698835122676
1934.3409780889367,-1303.7032340041292
-2161.0041907786044,-2543.342398949758
-1404.766228232009,1307.8912599222028
-1447.9049485051996,1411.9740687082285
-1365.4779948576565,547.4052880115213
1762.5165470640372,1337.8032078208362
1658.9462196302322,1436.161444383541
1728.0186395468108,1331.379096680791
-1440.6376836832158,1299.4127150526574
1941.442367137806,-1311.5365143939555
-1033.9925896053246,1410.7345072791743
-799.2083996657574,-544.7826600499886
-1425.0344533400314,1407.1236791656718
-857.0997375116636,-787.2774785675858
949.5050913738276,828.0643704113172
-1352.927996284501,531.2508982814712
-1720.7018069638775,-1790.5892554192462
-879.6795504857598,-673.4210685416075
-1727.0950715946856,-1759.503011327069
-2089.7018372652165,-2554.75258329381
2041.196006646088,-1251.6373364143403
1263.52906338178,1535.497919309272
-1771.6596795939975,-1761.351699857366
-1498.7153564738317,1423.5402313248726
1752.6723324594495,1260.2506322536485
-1377.1354315098758,597.8690721152002
-1485.8043188598197,1356.8747673790886
1101.9296221908644,1490.905108215141
-1380.9003964061533,553.8149030601152
-851.4039726019718,-723.7268023287306
-1410.0497742108428,623.9497590014581
-1345.5082317717306,507.93962332883063
1019.315283332759,844.326651223601
-1642.7359230523375,-1772.8991937541794
-1481.1241790721645,1376.4331716495792
-970.5888929477976,1278.3314920381504
-1339.0717900158397,582.1625725415118
2123.323808245568,-1190.2497071343955
-1353.3789314840399,565.2710398353265
-2147.4649776242313,-2624.9411061266974
-1719.142402568423,-1816.339485012115
1765.2471227041503,1418.085384584076
1651.7924899842583,1275.977897665113
-1412.818834486572,549.415989459361
-955.8420527523576,1269.5093695381765
-1483.4600834848284,1446.6599969515646
1026.0148990856817,874.1561011111315
-2230.505989879497,-2349.822687319426
985.9817017016743,641.3764952655482
-1702.1761857986044,-1811.6131991570546
-951.0236075369438,-668.5327625278084
979.2991507492304,1531.6646856998823
1980.993685152343,-1299.6660786102289
-1734.499745487111,-1781.429386828508
-1703.5542229048108,-1776.271195240864
-1675.8553131592812,-1822.329489306009
-1714.7237268765678,-1757.6477937857126
-982.4924148533894,1345.9899606403803
1754.3062231072608,1212.7675108094104
-1063.1028882025105,1426.9210792985766
-2169.6622194417487,-2463.815534229271
1191.190471599896,1576.4287811642653
-2120.8171595929684,-2510.91245349672
1990.8028592908581,-1310.51425113432
2067.591528785953,-1298.0871015130072
-1475.9322864897374,1388.4790377494623
-1712.5587061110489,-1774.888776637627
1944.8440010516654,-1327.0526942912359
2077.6429843553924,-1149.9861612601019
1698.0849707478737,1308.9283881068382
1023.4225182977544,883.6050158975274
-914.5281777466043,1339.0322840217068
-1064.0066761844378,1358.3148972370093
-1334.6459857977788,496.79216414849355
-766.1342142107558,-708.8396419549225
1172.4148162122572,1596.8199933233032
-827.2135312440715,-703.7258584269929
-990.0914514687591,1309.8713689011095
1091.839699024339,1604.2806319056876
1251.0093748834845,1572.521602110801
-826.8966311593697,-684.9469662843591
-1416.9062340719072,557.2684725141369
1002.3072405156356,967.0317745498164
-2089.694190333073,-2454.961217406997
982.7457298480571,858.9062165210363
-2192.940425554592,-2421.3416168931954
-1358.1463076485225,558.5957751275113
994.4995533226297,908.4564512800664
-855.6317986880715,-543.1153016692444
2117.901997748824,-1232.421010602463
-902.8049477123599,1381.4256660167123
-796.3400657918547,-708.1437447114265
-1507.2209827893246,1419.8152261522996
1246.6187840774132,1518.6258486693382
-824.4886298596405,1403.6957961064393
-2115.205928130913,-2509.1075038879485
-819.3601504250815,-610.7946334066285
-1642.0624827677584,-1776.5068308107952
-1496.2829062254793,1309.0208841982449
2071.3758348571214,-1219.229997726687
-868.7641902557093,-574.1267547415479
-1334.8960413664454,510.4281229398099
-1339.9727577548263,570.0337092128826
-837.0077763290838,-589.8577490526409
-1312.8617754462377,612.7720238509075
-1004.4201086650247,1405.0303264916517
2088.188668779158,-1241.4097371112202
1119.9818677895707,1567.0111266454624
-1417.3145720989978,594.6134021313508
1079.1807287185281,1526.9476620394587
-1428.7689841013473,535.2993212064267
1685.7214306821375,1405.4051232189636
-1428.4249597908204,1356.800731982124
2008.7675578349288,-1374.4536153946938
1015.8012776031755,887.4710346735042
1198.5789899405042,1590.4554796327138
1050.1703287522453,818.7565406361379
1953.6978719456545,-1319.659585745625
-1350.1076444955486,563.783607571907
-858.1615618808162,-630.48521137506
-1503.0838993321133,1340.8613914028863
-939.6961528829376,1351.2595176019447
2020.4981760675905,-1375.9863669073773
1010.568890119994,899.3738693814743
-878.1722015960764,-723.0044169713073
-1470.380781473994,1376.2702099508326
-1336.9211260238576,561.8194121033519
1936.1152888016877,-1346.182704674106
-1327.9464437942904,520.4040420493279
-919.2629755835458,-629.9477531525007
-1712.956000656636,-1830.8486607653235
-2146.3538103459437,-2546.2575307330553
-791.30143272187,-585.8877936131922
1693.691886132556,1306.383209107069
1020.1197440208811,822.9996771661491
-1717.9493185567571,-1729.1633464294318
2113.0130672219107,-1237.3423820675307
1155.9643043145572,1534.2304274761561
1259.471667630126,1567.4264471148226
1756.107493091837,1301.8177722472908
-2198.4667207167686,-2357.1157789537997
1658.536994288812,1222.7597701218833
1010.9523199398577,864.637165845798
-806.4529167219072,-755.2109541085543
-2178.634546817426,-2499.058651938076
1973.9139818887843,-1252.465987705536
1742.3793368606903,1364.8736086789447
1053.0985535181924,1501.9099371922778
1986.9730982878364,-1249.962505209581
1143.8693072103847,1527.8805513702816
-1344.880488340053,556.0483352344661
2026.6282625935587,-1273.0074037155398
993.5945732527875,752.2911992022701
-1661.5427574579735,-1782.2068862366089
1166.921487759295,1513.774641898401
1088.1033625952305,1539.2841894598405
-815.6838525887233,-595.988783466757
1952.6176161906133,-1318.8366647766677
976.6124806807131,865.6644899706471
-981.5128914098705,1311.0676416567565
-1071.9800793185534,1321.094933861422
1242.373694269065,1605.4750846884292
1175.841634685319,1535.3525585182908
1673.1427379873896,1347.428850840906
949.2698600871634,888.1381531743699
-827.908021824903,-681.4857438408555
982.6372173907846,866.7580069075894
2044.0045322559129,-1223.4676866785758
-2157.0560565568367,-2358.049563569758
1012.2687299137742,967.0833569532126
1005.2752885818403,879.1455105192989
-1381.5926728000297,605.7221921415876
-2202.2140846299717,-2465.261145193001
-1347.1434863495701,539.2514913140974
1113.0112641685118,1556.4107798433251
-992.6387052823342,1353.8445065739033
-1687.306692542687,-1769.9787884562438
997.5735822095853,800.066555738553
-1454.909356785572,1402.819794817971
1688.008964089178,1359.700279963333
1035.090073554506,983.1513744803482
-1313.778184527933,567.1381822594784
-1018.5533778359917,1400.7283561407116
-874.671891031445,-806.3773126107518
1969.9696871837814,-1375.3027425627442
1674.5673043691145,1350.7017499930919
1027.7878059236293,885.3199203334098
-2130.6612881065084,-2386.4792226829127
-2160.498447793377,-2544.4230032057417
-1459.822717379575,1361.1680770937587
1237.2926395863885,1537.2540787385215
-1386.6845702477442,592.8216983154728
1223.0750451523083,1585.2540288873852
-1702.9818353877658,-1724.5976525835472
1007.0450190169942,746.4672695974036
1724.7953234712177,1244.5807571337727
1963.145317480844,-1254.0725384475309
1999.6118376060015,-1359.2966614839006
1914.1174919597802,-1310.3238509797736
-1493.699792263146,1389.4785721175742
2100.5950343848003,-1313.0826799230563
1164.599023896225,1548.3743934343806
-1695.6900285805905,-1759.0676603496024
2060.742460672777,-1220.5308257440565
-817.9668407412399,-682.2414613260947
1019.1515691780353,933.0281951517345
-1410.1297076513217,1348.0478426225893
-860.666726357049,-783.063364358676
1173.7422234124847,1585.3944194637
-1688.6391531040397,-1768.8929304251988
-910.1282055426838,1285.6262951593317
-1009.847218295306,1392.854155989722
-995.6993551454665,1287.753738385687
-948.1899896059186,1398.7012091143797
1006.0011562978965,855.730826409233
-934.0635057544923,-668.7258155945547
1173.8490029269801,1568.7768940706355
985.226212447315,761.594880194496
-1494.0217363278302,1309.2244632461816
-1096.2785455231797,1329.0981980188355
-848.6796954632367,-730.6234642380743
-1710.7635994245086,-1733.119916346114
2090.8404113066304,-1282.4513552225515
-2175.799481492888,-2427.2005460091827
-1009.9667307533601,1252.1400176458308
-849.1236861830957,-706.7538685642913
-873.1000387627607,-619.0908844633134
-1405.8692637049364,1402.2768772555971
1959.6200997152714,-1365.3200923581933
1930.5869490952725,-1344.8141555919472
1112.7141177588867,1534.6712608214248
-1420.3719040381127,1392.587841577274
-1682.6461818003518,-1765.3960141802763
-2127.3603700797885,-2543.596317315302
-837.9096006208534,-569.4117432075221
934.8758287478344,899.4770233956668
-2080.458462829868,-2387.436515045678
2007.6112351774193,-1337.005624602406
-917.6685489676197,-709.2235724903799
-1738.730582769537,-1796.2668000926408
-1398.0950187818992,548.0753529427121
-1060.2742181977446,1460.4029410522505
1124.2775855146429,1534.688781912248
-944.7495017166091,1378.369580996715
1997.6948532720585,-1278.641526866013
1032.151989522614,805.8977993815206
1753.5126108322843,1399.7318273668654
1989.3041343383634,-1396.5121669715159
-1689.7227155951907,-1679.2975528819325
-2089.836452758036,-2445.3926207460336
-824.5950816859308,-580.1705852060438
-2072.2514171106295,-2396.6723802611173
-825.2526927602514,-822.3338248030502
1180.2838904058528,1552.665775586413
-1702.8797560318765,-1765.6825758556945
1294.2238675513954,1550.082699085908
-818.5597368005688,-577.5099132436138
-880.8747796095402,-682.4694602259233
-1366.3463911234496,553.3667436821831
1936.0254478385543,-1326.208012211986
1295.5281653559625,1576.7393780462312
2006.3081598058372,-1247.5091595049232
-1421.9672670735242,530.089331577538
1961.4656162558285,-1339.1119854735282
-1715.9267250209987,-1749.7586692111445
1035.735592167302,1538.5077581276514
-1039.8575733852651,1424.265583472889
-1676.5047690042347,-1793.5672443845006
1912.9577416776042,-1311.5773440616674
-1468.3692445457414,1340.9045837737513
-838.3488991541151,-598.8205706759005
-1697.3818354519867,-1719.0545085895678
-2125.7834586069735,-2447.4409224130195
1144.7728448770094,1566.079828082041
-1721.7575174154797,-1738.978528889722
1781.6888908714636,1330.9378537815835
-1733.404857426682,-1793.63951987863
-1433.3380483410822,556.9855220550073
-1716.34436397975,-1753.3164649956789
-861.6691283739831,-631.3118757037379
-988.2236180726403,1407.076765376112
2096.256496518011,-1402.1376344425794
-935.7963082768011,-550.037019484296
2033.2079284432957,-1306.698983674252
1114.8431901448541,1553.1841684141611
-1470.3315203307961,1359.5656807298965
-1690.0360980095181,-1755.7827813987403
-2109.0504272984176,-2520.567540425477
-2191.702216137041,-2405.5377691655926
-1387.564362002411,1340.3227768118754
-832.676782869411,-536.7289098353535
1669.9566112970554,1341.6003900696005
-1695.6469385774622,-1771.290780248424
1149.3092284158895,1523.1511890483293
1654.2411584332524,1413.0733559420175
-1417.7233738959112,524.4481994444079
991.3766558627785,780.0764040889087
1192.4523961563964,1523.4409727313282
-864.402559222401,-685.7249162064716
-1429.5116946450962,546.8354800470647
-931.6351331532919,-655.5756244766103
983.6499899553145,893.1763309296612
-1345.5128390934783,600.1238154775174
969.6662018198133,929.6189824856366
-1477.1071140051167,1467.7887464130622
-1695.9369490800534,-1816.9709715283445
943.4161257168462,848.9058850892715
-1321.7018268920754,519.043833135918
1019.7953393663894,962.8121033852805
2055.9160824506043,-1347.1351940130164
-973.3598926261025,1247.088007421091
-1347.6215912919272,544.5748706704624
-2102.2002910275887,-2542.841174273966
-957.1256230090977,1308.6914751137697
1955.560214695546,-1337.685128582216
1758.8146669403618,1326.1717515440623
-2140.1958939100837,-2332.551524578143
2103.979980058815,-1273.5674087611767
1138.8563256217676,1513.9088415096444
-2064.3569676531038,-2464.200951120192
-1770.7026126703054,-1801.0217446944166
1039.2107287764209,825.5078982990952
1932.7104836215121,-1349.2850987817362
1259.721204811595,1515.8655715391096
-973.5695351322852,1242.8216819099014
963.1526202313206,742.7671384158486
1071.8583947266225,1554.6259587494526
1030.4875891182319,934.9269028482285
-1103.1927143593061,1481.9508512020975
-1327.3400781732878,562.0588798854782
-2116.3759877257653,-2410.518701440349
-1528.5276545323652,1380.3408378615638
1137.8443619726668,1524.681084399449
-1677.3925770439398,-1738.1660664587391
1790.413998160715,1246.1299683628754
2054.0214440452196,-1393.9730622794432
1871.833862610201,-1383.9699877717987
-1087.8924091495526,1344.616802310408
-2138.287746502073,-2459.207155159493
-1325.9361340041896,585.8369464226889
-1326.444784855439,556.2658918692406
-1421.3233388603887,1369.9713149481272
1707.1810797225767,1262.2629160094305
-970.1109858967687,1453.1463305180828
-2218.955154769369,-2400.447835794295
985.8705728484476,825.5076793461561
-1411.4045820087092,1388.1148908327348
944.2368010078172,930.7711138271839
-2153.4880317273287,-2291.3677418832935
-1377.5431305637169,511.2981099853853
1718.5616481246814,1322.004306481472
-1385.9624892218364,599.1410921065424
-889.7646498396512,-688.5227250720496
-1323.514190178193,553.0467591509353
-2134.493071937276,-2426.0831400583616
-2106.8470973953786,-2591.7030312890156
-842.9004638051827,-598.9040968156276
-2140.5727969453724,-2477.6889337337047
-2201.8329181744866,-2453.4495054371832
-2134.094943933367,-2557.1602214970376
-887.3416390018656,-614.9900536341981
-880.18778048541,-606.2815876731081
1112.2673407062348,1569.1246565917543
-1036.0431317412397,1375.4638916872418
1006.8400589144861,911.4609248886565
-1419.2460878851352,485.45584833286637
-2138.0455319411813,-2605.9561265905963
-1067.6040537484737,1398.5599863986379
2005.5503656872368,-1213.5657035539205
-1298.846400025975,540.9409928690857
1017.0768788652412,852.0650205824008
1022.6475905317196,715.911969875873
1201.6341344819934,1496.365688227906
1983.5625998176563,-1274.2537273798082
-1712.3164100387753,-1714.6544956120883
1006.4444760533202,858.0410693920489
-1385.4480400304544,580.157884669244
1698.7215038441354,1352.5534497206054
987.8337013202246,835.3573686970051
988.640338428109,936.8399639970136
-895.5824407122562,-726.5476912621227
1800.5344163350148,1297.0476838815566
2037.6259598563308,-1279.862139899109
2076.037523666122,-1315.4607196749268
-964.6694030168769,1296.0428679208821
-1431.5427363407805,1424.6363796753667
-1410.1414135855161,582.2287092022112
-1422.8041211173331,1343.0611720046545
-1708.332395328634,-1703.4383545192115
-2157.4575058749965,-2457.465099849522
1717.5601517446507,1340.545514408863
-891.9964024164019,-805.027481389406
-1436.250313314616,1433.8349108085824
1142.0392686264843,1592.5256491796968
-871.3663543311936,-605.0302779805247
1033.160486432058,905.9284785227346
1003.0497585167047,847.594809730257
1626.9754089232626,1386.7447509144881
-1497.0666239433326,1305.9852344640967
1962.2016651031304,-1201.8519649930936
-995.6066040590039,1264.719018879156
1170.1877705556756,1550.6833244327709
-1066.8242435311345,1340.9306636390736
-1318.3703843216317,514.9382927389715
-1384.1006109861212,544.584323388459
2043.8377983749192,-1334.1548557033852
-901.4535134649134,1371.076717189001
-1472.3851409547685,1343.0876421396156
-2134.779907565275,-2596.457427205583
-1726.8363777819523,-1778.7483763251885
-1400.5105492450384,513.4166789533112
-1503.2185725854054,1431.5793098669142
-2177.3636722395386,-2493.5729930077573
1128.8478698719236,1557.1731789785963
1646.3933823922162,1171.0193602262773
-1695.0358034411208,-1784.371356552665
-935.2656283356969,1327.8959471472501
-1744.7856730021565,-1775.9283203999107
-2173.009156853849,-2464.292306229502
1008.7396038320004,881.9105429802788
1071.7684374467376,1550.3295512757697
1859.9936000247658,1281.1342317617664
-1521.9871808273315,1349.796827147442
1991.1421604019665,-1358.086571945676
-893.1781946802914,-643.06761235531
-1466.0267484911255,1395.8347695074058
-1019.9783584314843,1451.9664512137206
-2098.6843812382417,-2563.838842260917
978.0787271067488,989.4645942133585
-1352.5142730965397,536.1604486006534
1168.6553049283923,1512.7425406014418
-910.464725406853,1365.2479149720855
2063.8560147110006,-1295.4694035100188
-862.0115416448799,-745.8908976238993
-1502.8881455366609,1362.7558546148293
-1440.2614527263197,1334.270616058664
-1485.2863454807389,1380.9809723523285
-1706.146805029892,-1773.643711124588
1054.7996871292733,1522.776617462774
-1705.861051584645,-1710.7632698534858
-1077.3706921542291,1348.605475197329
-1704.4667082539145,-1779.9505082598153
1715.1350039995841,1364.85910302935
-1692.4866140836957,-1770.8359198687695
1083.9397494319387,1559.8032573823543
-1410.8404075935603,567.0369682010725
-1442.5874486613736,1357.5003958838229
-1403.7144954974779,559.0991688193144
2009.2330671341708,-1202.5736513562595
-1405.5766717755316,1355.6059126887287
-877.2997303029341,-624.5430717446445
1028.4825642987169,875.0065560427543
1014.4129112942627,866.4522825088358
1183.6578710892065,1581.4070171952947
-1742.5565008386718,-1745.9234738819962
-1688.9658460151468,-1707.2375067662865
1046.861553067732,794.0754835039488
1937.6209236064433,-1314.1324861009264
-1339.6055758264974,535.825957055337
-1390.1378414935996,1348.8367833842362
-1331.3873283434195,567.7566152013861
-858.5980350808579,-613.1509134159994
-1511.0294570522035,1492.6840923180096
-1405.7464638591803,543.8703790117488
-859.3386192713303,-664.4675967818497
1958.0834976678602,-1325.1273826029355
-2136.3320608711956,-2492.034031565878
-1442.849797636781,1397.1767108623428
-1120.25502044758,1376.132334065327
-805.7325050028201,-656.0859923902534
1746.2696184399865,1336.6160057726008
-2105.0426583308936,-2458.262678071878
-1672.8800844143234,-1753.1130804992172
2059.4326219786994,-1293.3752903148027
-1366.376227307198,570.2300670556042
1144.9623228560404,1535.9206392096849
-1420.8810263640742,1395.4630611781024
-1387.0595300478033,582.6576089845626
-936.9310013328002,1285.6543433650622
1933.3479517354078,-1288.856220489618
-933.758850742276,-645.4578486353088
1206.17857787171,1571.3595609026863
1050.373784992357,913.6979014252362
-1314.4407198928932,519.614230074429
1739.945529625721,1314.326120809686
-2202.347370115431,-2478.4757082202404
-985.0644704150492,1404.0643803981914
-1401.5813106587716,573.7810833896003
1179.5312533609433,1543.7974510953609
1985.82979144807,-1316.362782480318
-1041.6581842642788,1408.3381924514247
1091.2550672196562,1533.3305539456678
-1389.828611413006,1392.6232868081445
1003.4898471727942,900.4389245943906
-2147.5081086998507,-2466.0933277625095
996.1660412472005,725.9813671674298
-1698.0267462372835,-1752.6143398477536
1071.074172208605,785.0584574020247
2018.5803868082255,-1266.8272065037734
1654.9090257089297,1431.0391342079513
-1471.9678592887303,1419.891161580952
1688.8570532445847,1286.6997736379935
2057.384876291218,-1307.9780982859406
1019.1070810755589,919.0466193616961
-879.7951779699426,-587.7813239894017
-879.3344784808904,1360.2532204819508
2060.2165168946603,-1362.0826029667858
-1294.1260265524493,551.1373700639016
-1724.3791481024932,-1761.7428717258474
-2124.651268391644,-2509.1556606737154
1923.77250024161,-1257.9043946179472
-1422.8532813600289,1449.234425756623
1017.014796467229,882.9414560412561
1041.4577670016386,1526.5808514307741
-1478.5863166991771,1298.2637471319106
-1459.0578262573597,1449.4913757198967
-1485.0922082730403,1344.04070426939
1706.909948057531,1291.201120036784
-1449.4566487979932,1413.117826739101
-1469.854837440071,1388.11151484495
1115.7356493736397,1510.9251099751218
1945.7138056972838,-1233.2888356684034
-2110.0396107188812,-2360.8453917167953
-883.4459838411361,-560.0252666991558
-981.0922162217983,1352.6615156676153
-1422.9644940086885,1371.899366116038
1720.755473866478,1256.7689613983398
-1465.4053373091056,1413.4929919924966
-1047.9600064830372,1337.332959668858
-1440.6097886451116,1378.8794492135517
-849.5809982556776,-662.1419756410471
-1702.0140741898267,-1734.959595766799
1700.3139933721704,1328.3611647534306
1004.4775957883766,820.2586515857276
-817.0816278643327,-672.2088554791229
-1725.3185736526357,-1776.4321934217144
1164.5637175722104,1542.0670685817713
-1125.4556435081051,1445.9703655644187
984.184279503549,855.2434470921688
-913.629803066845,-677.3273524877349
1996.723837856452,-1484.7089696972198
1044.2021305696474,924.8854842685389
-778.2952640150145,-776.6023608225579
1703.9523355994863,1380.6142464426514
1194.9825662817732,1527.5022097465114
1084.5040573625631,1507.0526922984138
1699.8085260837402,1360.4287664917363
1701.824859566106,1239.8668262814338
930.4129706107211,743.9661261554268
971.941965587708,847.66983006558
1195.4162510436602,1558.7334305920447
-765.7809591145206,1336.3374023076642
-1028.3271155025786,1403.7076274496542
-1429.6156868590092,1332.8978276408234
-1751.7867127715283,-1761.8463428729076
985.6040534042272,774.9847560874543
1210.0683231692096,1531.4192507003474
1933.6616615686532,-1260.9944870852955
-1069.9835423912239,1436.530142545205
978.6766205699541,791.6196118761211
966.4835665061662,955.675317510687
-851.2353589096354,-562.9889360677433
-1484.1503222525128,1334.2195124409823
1181.5143459151802,1590.634834467146
984.9919911642404,1551.6828720393287
1092.834879614588,1540.6893655098409
1748.1839102875074,1363.116779689438
-1419.3351327078592,1336.0782557962452
-2180.038017544448,-2566.640667670525
1968.279436139696,-1296.3499657681643
-1708.729008940759,-1806.7177678446533
-1374.944163553854,552.1183801281771
-872.2261798183965,-512.1415110717962
-873.0244498331933,-628.8887566758812
-1354.2147977184845,537.9765402516203
-937.3921539686354,1351.0406118964804
-818.4629546480988,-793.630487272034
1171.3714744411122,1544.1106473242255
-2095.203858460548,-2467.5368231166917
-861.0427959856381,1351.054122305547
-2100.6091242269513,-2467.4542594504815
-1313.719542461203,551.0864178216277
-936.1974096968817,-701.540699732646
1042.7377477648156,1538.2711372634592
1199.1200746704337,1541.9362187790596
-1490.5827938606976,1378.7981122296144
-1395.8309252001873,512.0740194553382
-2154.848351210416,-2580.267128717402
1761.8512204544995,1384.0911562790502
1021.1782997775649,874.3699392251895
1002.5889347978456,830.6196232779802
-1356.3051698929683,522.5130126799161
-2124.376490529054,-2698.95731513514
-995.4383682921178,1238.7349157458048
-1095.5408385208286,1325.5541981959877
1759.2756089727193,1307.7248254482554
2043.094828202982,-1347.0554836019546
-2088.7494006846687,-2439.6123022456536
1196.4085900799892,1559.84105877235
1765.999187611213,1416.8625852414104
2096.529614449889,-1299.0341865416897
-1470.9337353236144,1341.9517122634484
1064.6622858372282,929.6511166592969
1947.3843760686013,-1303.850082668075
988.3155117149104,924.4589157824804
-2136.7067715028325,-2410.2422533194863
-1368.6132214192833,552.9055108295742
1939.7143546447928,-1298.9580787141313
1115.5063038099013,1452.82592471679
1289.4877169500114,1556.784228420155
-1376.6817558100988,511.27069876831627
1082.1666478057805,1545.9838500115925
-1465.1974786536562,1426.6515485375824
-1722.520615750526,-1814.9482796036318
-1088.8205343251734,1331.2036679903842
1893.8573521985302,-1310.8432100548087
-1364.6639714228165,562.7144590379233
-932.0117706549094,1334.0084396139493
1172.6017219429266,1532.0597014791833
-1427.6891586203997,523.4179251070742
1914.1568662217733,-1256.0244288670976
-842.2326965185106,-655.3584812185252
994.0628753887539,824.1303812257361
1709.1778571562313,1315.0478219835898
1849.3814164741061,-1350.2792740214384
-719.1980794264142,1441.2747797430272
1098.8217060691256,1571.5702707521505
-1489.7448155085826,1391.9118077397864
-2112.960385773937,-2411.0205462752215
1719.195445243449,1259.270024896711
-859.5950023995375,-690.8406128475657
-1355.4118089181943,538.574426222086
1799.9814607714407,1301.6886038783182
-981.3375442834426,1287.4404865049848
-847.463078015328,-620.9248625428801
1714.0464952180923,1344.5802937226274
959.2841609438319,913.3563595802133
-1694.9447179285028,-1763.9532388931702
-1706.377140210625,-1798.9523786462523
1031.5445129908408,785.6006474090607
-842.9604597636618,-559.4392081200726
-1686.4429775703506,-1739.3595164728029
-1438.6446729483387,1315.0901256848451
1952.0704355799967,-1358.2807438344587
-860.3100264482586,-582.3991347884987
1978.6286970177885,-1282.2058463025185
1134.0822465604292,1534.8574845927906
1019.7814697853581,833.0529024674591
1059.030397103022,1516.3034970294873
-1675.699831420288,-1783.7998731799605
-1431.3500840868937,1341.0093601889314
1722.3405345930369,1275.220985708742
-898.7726015800486,1470.6687219039813
-1747.38266423402,-1763.6183232636633
1689.554577810309,1233.291368055267
1087.501743305507,1557.6195864840213
-2171.2417862270363,-2606.0903371615454
1032.6437341376886,883.0682030110078
1359.763179567366,1540.2531899177623
1012.3746624770905,967.177856690826
-2229.422703984726,-2461.468093465733
1719.4894381000875,1414.7248036207686
-1362.5563267579385,527.3477623975604
994.0734057754777,815.2909404527044
-2047.286105618747,-2352.5787255825267
-795.8126393258219,-607.6333836426206
-990.3191316209894,1312.2958031247265
1176.6418968284015,1528.0338491009777
2019.7146947015397,-1276.2887640881584
1004.8865360072774,893.9069337415463
1241.453105775819,1573.0580904950848
-848.7091478546781,-645.7872635696248
-1756.4746659166863,-1773.4142310037926
-1736.2012807217793,-1741.4850006882743
-1488.2889654169726,1404.5993257002524
970.2752835549394,990.4260000102954
1201.0125099458908,1594.6564912980912
-909.1038954795176,-690.3651098462985
-1418.861835614341,1287.2175066441625
-1722.6399059376563,-1785.806787875483
953.5081874108234,962.1969405102909
1730.4537362867356,1321.3045016711199
1972.9289992781453,-1325.8254602389027
1679.5529990309615,1300.731004997712
1038.21670195328,814.7835348978184
-987.3612420550379,1345.040008385081
-816.6546806267862,-553.8445214322937
-2143.5832319055,-2570.4255623280737
1204.5918876463327,1557.4189981136933
1031.586090513046,905.1251422265647
1815.5390668291375,1335.6463143160133
-1694.3243328534322,-1772.2881918032856
1116.0334212039827,1537.3371800705443
-1671.5554590321608,-1755.4139925968266
990.7321588753911,825.9094070953552
-2145.4774353791386,-2485.027020558672
-1698.463212194175,-1826.9277687560148
-1040.3162836428335,1403.338632246983
-2073.7188887858006,-2609.804095918235
-2130.165516480231,-2429.5342145192244
-1398.2423923278047,550.2620608374581
1166.5046930700705,1524.1973121541307
-927.6386909125437,1333.4909876414827
-1017.1656907505226,1386.2694832988816
-2086.7369072171555,-2445.9309633100106
-822.4519954750882,-586.2144682690601
-1728.8878831102977,-1756.4749073290232
2001.0093118738387,-1363.8526872823463
-2174.0648774707574,-2403.174515475725
1023.0642630944749,952.457956183605
-1358.418517352488,576.8184756451557
-2124.6952042752537,-2531.361281022688
1027.2252018040692,890.2000874071888
1015.4415120895702,1526.8793417527984
-1533.6159919705517,1395.3190582886689
985.0314642546147,810.9461376726579
1897.9017942640282,-1232.6532430637626
-1718.676934930589,-1745.0593658286693
-911.4953491572638,-853.9305826387664
1007.1093175666481,868.3433937600936
-2226.8913238838463,-2446.796655096957
-2184.444288732796,-2457.070417753305
1008.5361492724031,929.4129069195182
1007.0185008213739,783.5462135327045
-2095.6544697802838,-2537.9465797947287
-890.75402377049,1317.179339053465
-2125.6801179097138,-2576.0129354985247
-1728.59526313798,-1725.8446482696725
-1446.1342271867018,1391.3776960444245
-828.7930449486078,-575.9027726264593
1924.033578463159,-1414.9920534600337
1062.0082427965208,1574.8689410691247
-1490.844136547748,1345.8827495507298
-1714.2738496111592,-1766.3583991708404
1186.1758785262298,1515.3439763956767
-1306.094135714814,547.1789197124111
1103.051838929286,1529.6325461919732
-1488.11449948541,1357.0732622660744
1164.280921387444,1479.405976672175
1096.1846560754257,1538.4542070322098
-2219.768159937127,-2543.6059489077
1017.6295712292507,922.2707640336399
1998.676930106295,-1193.0771541871786
-959.4041333391237,1347.4054983707013
-973.5214159253328,1241.5456472610042
-1357.8311264670363,600.9702578884943
1955.1756445001956,-1289.647309531906
-917.1621093447326,-604.0685779418196
-1041.047885976431,1377.5085468169495
-1341.4404007033431,556.6126517278082
1210.4533086933252,1566.3266996941804
1001.4341070460233,919.4142749737236
-972.987528567024,1378.3703406714724
-1454.4902155601474,1356.2574730295303
-1717.6805741537214,-1814.8157697111806
-880.3825937270592,-683.8296079815497
-1340.108178620196,558.5899409699153
-1711.572839399824,-1813.2165676766654
-1493.8803950979252,1386.874014886875
1987.1581549894152,-1205.9219370182384
2030.7360564532505,-1234.6895531447908
-2134.838006259727,-2527.542472354618
2079.1005900735527,-1358.17296526914
-1729.0056919562016,-1694.5875374205525
-864.1607913057263,-618.8096118103854
1739.381750501479,1317.7944033958854
1163.1255720120644,1579.1722474916414
-1724.1351127061257,-1778.975497122634
-878.6924247536526,-607.1071170789638
-1728.1050272494701,-1779.9040040641164
-886.6187053317037,-676.0211559261455
-1373.8122285871045,564.0171257036296
1136.5616560532242,1571.7486189665174
-861.5709978515036,-590.4061874196433
1979.2902422175375,-1267.4731053195756
1771.6698349406022,1392.3007418394302
1725.1618253599413,1218.7615337116151
1688.5931602148605,1420.465350701901
-2027.2129496040718,-2546.0709391623986
-1469.9142358544987,1473.601865844828
1120.0762885278832,1585.5909304730997
-1058.0802720028764,1391.1114334838583
1153.1865431440424,1537.966291436032
-1350.6828639013593,548.1478843016904
1001.7565943317423,900.8537222045326
-1735.8300399173775,-1751.8077383882048
-972.2790284952807,1364.3795940976627
2022.2814846471122,-1302.7857614285633
-975.5296844744361,1499.9637489095926
1041.0370434288252,880.9939244199351
988.1338102163792,843.011534059175
1775.776172003767,1270.4281866180174
-1378.1391500197126,560.9589548346333
2021.1803363660135,-1344.569288354585
1690.6547432035948,1261.654711862724
-1327.9957698189544,607.7426613509522
-950.0614683880794,1353.3402988292455
1693.5907162198,1350.8133936248287
1011.3217244984953,848.8920662463756
1753.8605174384306,1235.9016488715736
-1709.952743259284,-1794.845584661927
-1453.9963644902161,1367.9722890099183
-846.4018340112857,1310.9242100123204
974.4738191159374,829.486413134146
1943.2331402272637,-1311.6070369467368
-851.4661199764698,-641.4555930567794
-827.7494926633847,-522.9973535428403
-2059.99797451876,-2504.0992651429847
1362.0107726556835,1540.326309563879
-1397.0396098279246,573.0128267745629
-1026.165578924503,1372.2934195702594
-929.6859066669555,-668.077758961079
2046.6258955921683,-1262.2677553379992
-2027.211789551572,-2392.8415667268882
1740.7421805997392,1289.6113186995249
-1101.838443583668,1451.514503680556
1722.4405949648433,1279.3918260303942
-2194.542098710961,-2633.175821368873
-1413.2456533874924,605.292105297857
1113.345639320822,1592.9518185442278
-2075.8754407614406,-2410.996881555987
-2118.5739543155582,-2416.343917458238
2070.6823604541096,-1289.7859216342006
-2142.447351421829,-2573.6374088261664
-921.3661274875525,1356.6113406355291
-1310.490750137478,547.3307137385026
1211.9528852833396,1543.865992919653
1952.7965798067287,-1310.4902564574227
-1054.321285658094,1264.0360219960517
1678.5739405408644,1282.847990716216
-1720.9533741013274,-1751.5616177716533
-1069.42297340804,1309.304285372117
-922.9215352731759,-649.2464788333914
-1022.6659609508814,1439.0129422215173
1983.260512545003,-1360.306930075963
-873.4290509513319,-495.09610548459193
956.5516144207479,1000.0255595876703
-1477.6884917098794,1454.940457910333
-1725.1622264151383,-1741.1363291126804
-1000.5925919602806,1306.353900041059
-2150.329730349693,-2545.5627564274673
-1392.9431037856662,1391.3209958704415
-1699.8582478129,-1785.9328897266403
-2244.592197838013,-2497.16253067818
-1449.0452486265056,1345.6827384931155
1971.8582623339917,-1292.0537002336864
-2162.23490988223,-2556.781999090529
-2171.4180576013846,-2503.2842976498996
1718.0801669720747,1298.6731233229305
-2209.7364039413224,-2509.6318400326427
-762.6952038041649,-536.0837513188405
-2105.9486740948328,-2415.1424003333564
1735.4658994800666,1239.0399039493172
971.5857288134853,890.1951658474977
1952.1136740844256,-1311.642339221059
-1408.893815422884,533.9874527897812
1187.1576285370472,1561.426364436664
-1734.4913331675566,-1736.9361765962742
1747.0575074056264,1301.91536995035
-979.2183167837401,1409.6092676418905
-949.5105337695189,-721.7764421923257
1930.0042283836376,-1305.4897376202296
-892.1355492287066,-610.5359121884837
1611.8476648280257,1271.2865205591618
-1508.7087669556613,1320.5130992768484
934.3803598575556,944.4342569490783
-820.448159952837,-816.854868217098
-886.9036473237672,-708.633611584807
-852.1858323444058,-699.9992880693827
-885.7048995117367,-747.8852705371754
-841.1210710663153,-479.5626585969844
1971.476189533381,-1393.8914655186525
1716.7516483493478,1297.4254070549453
-1427.5218018931575,564.9248273885271
-2165.478465272662,-2514.640715202462
-1375.2609487132977,532.5778730314239
1970.7145489428747,-1283.2056023420494
1017.8994070947643,788.8831538139844
-847.5667559383231,-689.2621211588635
-1353.7264506252347,592.2447969561456
1743.5421767377381,1452.0683516052986
-1522.8840530937134,1400.780811598195
-1356.5585174568791,577.5870773327368
1728.7828820742598,1281.1198187823445
1294.5847579933284,1558.3024653266637
1835.2073722138934,1350.1231016913644
-839.9007794736033,-716.0214901504881
-1709.3508311921912,-1804.7165218842088
-2192.5284594281,-2505.1222140980685
-2097.4341320111457,-2398.055549790862
1967.3551514058556,-1325.4951000686717
1107.5112940601864,1550.7058059202097
1187.766631247009,1558.0516219352398
-968.6349084693179,1439.0468335759774
-892.6593505666367,-459.4921956842089
-1507.054479529628,1411.5339427434228
-1684.0410270730583,-1786.8398028051377
1646.5776444334656,1258.4826810333063
1642.1821098778858,1373.7789497221665
-909.0031415633479,1405.1448331383426
-1428.194003402983,1417.3800634155573
-928.6729741494906,-649.2236661637697
1220.9475437896572,1526.396885862656
-947.8524570351019,1465.7524692716747
-1412.886624872095,1328.9201810719899
1192.7959507124315,1507.5444893645235
-1707.183842278675,-1769.4003388922968
-1448.652414578539,1439.968580495799
-2076.7978278510523,-2459.8389438915074
-1389.4015415377435,537.7928949979412
-1760.9354562514386,-1824.156688175588
2043.763844499536,-1273.034953702058
-752.0957056533075,-700.6780023044314
-1696.2952152525531,-1747.082300866262
-861.4701832513139,1326.4278842173103
-2131.006797756894,-2500.9289348132525
-1473.7856952501872,1401.2997199261586
988.8347709997693,865.1470617997229
-2166.199652760201,-2496.0514815223823
-1528.8867575851075,1311.609453561695
-1738.2016391085886,-1822.439374965702
-2058.8445503431685,-2518.7991996007618
-1414.572488897806,549.611229828218
-936.8884505933352,1288.0175388067107
1018.0007856036292,904.4040463684635
1679.2525151951895,1313.8456409085861
-924.7475494084438,1445.0659438024861
-1336.0801304267193,491.64874873255684
-1728.6401842789676,-1747.1628342291938
-1762.305858462436,-1785.8868001042222
-1468.8838351291542,1438.6925762194223
980.7538017276324,929.8669015525477
966.2936157715355,946.365470619236
-1740.038147881557,-1755.7104549769876
1296.3059927112492,1543.9548098269886
992.884607451872,886.8830857546606
-941.2500417430828,-538.3241383980935
1150.473616059626,1563.1943968843846
-2075.486181767789,-2484.9876021937735
1069.0743792974436,790.6024827252254
-868.0672073933893,-733.9654715796574
-1449.9357267812723,1327.5201297675292
-1734.019156605333,-1766.936161812745
2085.446483483074,-1355.7745156749013
-1013.7575847590116,1334.5349440589857
1020.1484752830492,755.633568335696
-1699.8536559178647,-1853.981934303298
978.1569439057016,874.0395259271805
2015.371557770278,-1323.6577127526436
1743.6028643132124,1389.1073596614303
-901.1570489369839,-781.1684517182025
1218.153653201227,1518.3459606658835
-2148.794664948521,-2403.665062484262
-778.809303639895,-649.1746493675266
-1422.3123934536718,1343.409280684298
-1741.0588150563015,-1782.9384876531722
2034.029360278743,-1354.651766507044
1980.8100549095661,-1231.312686158296
1969.9036301247395,-1353.4957443949927
-898.6423235635827,-574.201859116909
1756.9403100913783,1335.7762354955548
1735.0588475653017,1351.3281935206733
-2125.484107058689,-2413.608786216684
-1772.1625374504636,-1827.4756705234743
-964.0322502654674,-531.6205439116878
-1413.2754123899506,583.0799539048481
-2164.1525107404095,-2350.1992318084317
-1696.7093138582363,-1785.711759953316
-1170.455391074899,1324.1539623815777
-879.4520754279398,-750.248674992807
-887.765975554994,-656.5620424710809
-825.7197997382347,-599.2234009288046
-1340.5845865927906,626.433726904184
1988.6149305979773,-1343.5242705749554
-1448.045305694729,1416.4619191321406
-2063.8457902147366,-2569.7931895535753
-1334.328522159542,566.1849618785761
-1722.4915376226772,-1723.0263755175054
1086.528215991759,1533.0761780366247
-831.7219056425529,-743.6708431265939
-1711.221249153396,-1762.085544432289
-1716.7532299525933,-1791.9847313959128
1176.5434952925189,1513.8796834650398
-1707.7196800368854,-1776.8590542892528
-1434.9646152299663,1387.1194202418988
1010.9167875132949,977.8985291691884
1710.4298852150614,1257.902231992296
-2064.2829089012184,-2516.453863167821
-875.4834713753419,-921.5061386231071
1724.0952913043914,1340.9198370032905
1828.5960998402177,1320.0484812386424
-1051.3655732757127,1322.543987739987
-1481.0203861340538,1298.884931723586
-1017.0937649355886,1365.2640277866528
1086.8871812923526,1581.7904413432223
-2114.18699638275,-2564.1144058166346
-1468.5000162949993,1340.2247676199704
978.0039944759917,839.6573701934396
-1443.8379119026174,1366.9196278586896
-1398.8918915779964,593.4667086053564
2060.526491114404,-1285.8976529645533
1746.2428358728084,1284.6707310408483
1993.6506885906422,-1407.2104007878643
-1053.5288327556939,1332.7771880113164
1905.3409890126688,-1347.6885835762869
-1700.0225841425622,-1776.4137114551424
-1690.5913580798422,-1726.727109716934
-870.4786943121157,1336.6107436619918
-930.6477531892856,1264.894412500633
-1360.4096715589037,623.2458717054272
-985.8810504983977,1333.709048941042
-1520.1243172843049,1338.0752590335783
1192.80823448641,1571.4357882676086
-2098.642414211519,-2573.13935701368
-1102.576861096605,1381.846071566275
-2079.690807981767,-2536.960574537119
1154.9268155038276,1515.6512288143558
1923.1127673444023,-1221.4275955918595
-2135.795182360464,-2507.430597466602
1069.3955254506066,1569.5216650740406
-976.4479378238408,1246.4259712574983
-2151.760453682825,-2436.4409032779795
-985.130131726792,1366.0938305238813
-1423.6518756931105,1366.8750302009025
-1458.742982935785,1327.76755536286
1186.935004056787,1571.323289817626
-2046.8045765284794,-2501.252744802686
1913.8166380289856,-1328.0477953766433
-2190.670821303184,-2499.261638113072
-861.545541304207,-828.9287203931103
1110.1677631257267,1565.3773439548945
946.2369495293217,780.6711173592693
-830.705576173634,-696.6513783716142
-1296.8435343405413,524.281805262215
-1431.378583008825,526.0802792325335
-1703.883713314638,-1794.402954086636
1002.7004690834644,864.011477851934
-1396.8261626135168,1334.0381521234567
1735.0610371497257,1384.2980404718883
971.4821633684782,883.251549196252
-1378.320246778741,1380.810645234988
983.3767601713199,724.9131070200524
1072.6239065983011,1560.9709484049697
1290.091381394428,1507.5402388595626
2060.6406566185583,-1284.0770153181873
1956.9471794146523,-1359.3537365596062
-2188.7220788427067,-2413.378451155471
-2045.792304360066,-2428.821378832744
1704.9494775940223,1328.8256204555883
-1031.2239815483465,1261.4541969681397
-1336.7415039415087,570.9245672984226
-938.6727998322274,1399.639435458144
1758.7482140909397,1433.875658396439
1691.646600000453,1360.8659352576651
-1750.7350894426,-1696.9526102751443
-1398.116406505758,1454.2126600134548
-2290.0157754014144,-2629.2510178175544
-1330.3879976575174,549.341146295126
1927.8207550907166,-1228.5284486854666
-1429.7676763762227,1380.2937398528256
-1410.939992774433,1412.6831553729953
-1030.9065422979759,1407.9586959560236
1683.1287751089671,1264.300141826894
-909.1216338323593,-696.3142070272309
-1689.7851788974745,-1780.5414947424192
-1453.9881049721873,572.8444749004718
-1277.2032761081005,605.491416090357
1211.9956889958146,1484.7592404277693
-960.8803583633307,1319.5522308477646
-1312.0890592351184,533.5722111542807
-1278.4518013906295,525.938379361113
1753.4949575140713,1250.1440089067617
-1705.343628657172,-1771.9609458103323
1673.33375247478,1232.1815640887346
-926.3057419504336,1400.2210162780266
-942.5302044514931,1383.769973886889
1802.0594847136274,1370.6334463037688
1921.9263313453569,-1304.5372844719716
1944.4363227313804,-1296.966220913708
-869.6571064236816,-692.4490929208649
-1687.0400885202246,-1762.6608958387183
-1462.4152559835989,1356.2891895819298
-875.4642234343975,-618.1218319850412
-1022.6133176224553,1304.8213545271162
991.079646636735,765.0714706794491
1030.298611398936,852.0235802103209
-1422.6735038748884,521.9695938499964
1151.2763802713423,1575.4977665887793
-1394.1923364828028,552.6543094858921
-962.084659632185,1337.0135797449275
-999.4153358492113,1335.3354844171702
-1434.061542886846,556.2921293704668
1726.898052930012,1301.1779312297697
1710.5203522783852,1272.1316454380167
2005.2096718414477,-1393.8469060521033
-2115.036138619751,-2518.4388996043804
-1402.0814164183107,1403.0803416895722
-1726.9214139579353,-1791.545092436542
1660.4724894479984,1182.4025676898461
-1730.933662546452,-1799.7376741368466
1754.7525962609907,1356.2027570614873
-1471.835300842572,1409.8711489952686
-1494.6916520764241,1393.0678186451214
-2107.250026443309,-2605.24294127214
2011.9719625654966,-1301.565919660421
983.4057566975348,832.9096007753908
-808.6336905645951,1217.901569977552
-782.5798110958856,-704.92188803394
-1693.3666579762412,-1757.4701756376437
-1247.2472792673725,513.5462976498347
-941.6421570535585,1447.113705343086
-955.2903232877544,1315.189898410197
-800.9692315885636,-596.454869536131
1966.6453042124003,-1283.5864582310976
-878.8316166396012,-714.4239339381899
-825.8306516665107,-691.3004891307958
1687.197790326998,1265.7016388730028
-1074.9365495630022,1402.4487244469067
-2083.9984416965162,-2530.4451563896732
-1482.0784000721733,1431.8481333614268
1742.365788131991,1317.3789139550538
-2144.8889716347926,-2536.758580441193
-1437.2200848535324,1367.651980844998
-1324.037819612582,501.24680307716125
-2021.660257614111,-2397.0109664345623
-1400.9046659379687,541.5601501532965
-843.4047979875199,1396.5173263034494
-1710.4614663258126,-1776.6472611091024
-1386.3198990776539,1329.8244943649956
-1435.5651387105702,1375.2431784896203
1038.1579443910066,933.5538368749118
-1696.8767105098248,-1784.50493826963
1013.7741776942846,1584.1138919097814
-769.5368242489665,-680.3858111938763
-1732.6628928507732,-1796.4292585051326
2043.8210820378881,-1353.329353964419
-1370.0241953543489,544.2979281757051
1266.0014317338748,1521.1934659236292
-1742.2312494772025,-1824.0084327226828
1725.6819042589323,1356.7761637213184
990.4666240467681,803.9935354963789
-1737.504570050128,-1832.1166850369696
1262.6544475574499,1636.680958286469
1748.9621992113325,1306.456934692764
-1321.58659193693,517.1909823192694
1709.9534741664097,1354.9320241950008
2014.6270942574831,-1289.5330977285628
1730.8283163765386,1338.7819070300925
1739.2550814218246,1292.7511575533701
-1090.7556004446396,1368.6845394380314
-924.0309263098555,1279.4172838459785
-1046.499817033814,1391.5604256394593
1727.1722159973663,1268.1231673080263
1674.99964318757,1299.3170319449835
1711.9624029869817,1290.876447163114
2098.9547149725104,-1340.5589823912746
-2175.1616008393103,-2477.9871584468233
1792.001697224652,1240.5408244957825
-876.6039006973253,1310.1957051996453
-817.2744247154324,-739.3914765063475
-1065.6412643918804,1276.8253983262266
1043.163118499779,891.6738266062702
-2047.539468967097,-2593.037079017133
1019.0489893317165,823.6246153676377
975.3317836840863,1621.521257269969
1133.5029645183192,1557.4437753089096
1015.0867263599694,934.3700458142757
1744.041448617392,1224.921107773092
-1075.3084716926735,1477.8991228022721
-821.8445641668528,-714.5858044794688
2006.8621659725056,-1339.876872685921
1065.8003475935127,1552.263851812526
1196.0096637986649,1488.0546736653137
-1479.0427446420463,1388.3448825133155
-2106.2658145006976,-2342.8302000406798
-924.100204985309,-668.617539496069
1022.6866188641134,811.5063392592677
1008.2206948492187,1057.01099060911
1243.8472256329626,1548.7349918174068
-1694.318415439315,-1787.8226769519665
-1077.9050924075325,1430.598967507565
1082.5625887939616,909.7254460001627
-2081.443711251137,-2473.4957458375566
1740.6428035436052,1428.8924706327891
-1426.9510606877266,1362.1050777550652
-1415.03205392886,502.71912287456394
-2195.425486897647,-2467.271648736168
-1461.6765180825905,1409.2664576828877
1015.6791218423266,777.0211822353463
-1453.2895579024778,1400.2272542829846
1890.5457747978699,-1378.8776235491978
-1397.9945507912196,600.5899941232054
1041.3767906037767,1529.5244042845861
-863.2935763828606,-699.6388784989804
983.1088423055018,843.3983810717872
-1732.635785733723,-1706.2018949673093
-1425.3042089342891,1396.9243391956513
1110.9675887453618,1583.5026648652781
-2195.3792532773246,-2416.561542831721
-1497.946582174898,1378.3284159510456
-1307.6192986105339,533.6496281920595
-2102.0633390581525,-2352.4338477108704
978.090925419179,916.4158525645777
1068.264003953839,1528.0103551481404
1948.1709518510804,-1215.138222203332
1865.3117899921233,-1363.913060090402
1777.5271060723562,1276.0589702390648
-1479.8678244086607,1306.2677568352462
-1454.1061463939131,1357.717257637985
-1702.052292464078,-1756.757753012666
1918.3212486522355,-1277.7634010319837
1716.4431922924075,1351.794918600566
1104.5198174499349,1520.9457062295678
1294.7624097330338,1506.4468846981624
1210.8454804077514,1562.3087822996142
-855.6806971434821,-692.7225311267531
951.3078995940984,995.6170918840869
1029.7364899413124,810.7812098054827
1733.5160870148652,1420.9537455115806
1129.107273594211,1553.0603739315152
1029.7430944790638,875.3100540089008
-1438.446279533247,1455.915695066358
-1477.1542732093314,1399.4136564207624
-1387.103163788863,1331.5432070964725
-861.0038102374735,-778.3090899827242
-1419.9979301304613,542.2598350395407
-1470.7309002731563,1322.6306176394896
1157.7756295263325,1622.5159157982969
-1707.0977538138418,-1739.5887272236364
-1457.3483780969418,1381.6375180652678
-1026.973971933658,1420.4541223939539
-2210.978366711533,-2475.193796330275
-1706.958759855147,-1742.9504804697324
-1749.2484131137294,-1788.0325045677873
-1378.1582841201655,528.1661732411295
-1710.0668177948191,-1749.2811436167337
988.5989168843672,913.7121531890382
-1418.4779485959052,528.3793549586971
-897.997481918606,-708.6833593892327
-2150.0105713500748,-2607.91960897446
966.9560690883924,944.8931730404014
1969.9067837894488,-1365.172664111218
-1041.2320204048094,1387.550199434627
-2226.0645470865143,-2486.6187700146365
-2125.5478543604627,-2528.17005794474
-1502.9183100265805,1368.2155564087034
-1393.6549302643232,556.3271020600723
1763.7922067838508,1247.613503445238
-1412.3897107984062,555.3016409383457
1941.7907494513386,-1324.5570167475512
1259.016952343069,1527.839699194745
2048.121501821067,-1298.1312836756913
-1355.6398142418589,609.1823541327632
1956.673860989138,-1271.43001737899
-930.1105362433698,-658.1809423919658
1848.6403415700001,-1282.4765263034133
-885.7760245487601,-671.5026619396069
1212.524644476407,1555.7664237327324
-1008.2663641297793,1315.6406535996548
-1395.399574574368,598.0947799520625
1825.076231236713,1356.3312855947897
1787.556241299737,1374.4063402680533
1670.3070835249264,1335.4904923954157
-1682.1653029393128,-1765.1141014743441
-1365.3559268653846,526.6578731833724
1710.0629963507558,1381.5446862917504
-1405.2186253307264,1420.523080541935
-976.9632371284893,1385.5537734189716
1135.420719068715,1564.6977606256924
-1688.0715890478903,-1741.0525998537391
1719.4417028069145,1313.6020134569694
1989.5929614010743,-1276.0989920699058
-2204.446423793991,-2375.917002906215
986.7333433569846,932.6068453640235
1930.2847225296534,-1290.992026663195
-901.5020077389784,1314.2008198724698
984.547133580501,917.2422130153755
-1738.76662204668,-1765.332812345287
-871.0284001803662,-524.8331193418894
-1423.7608710113936,600.6804941346464
-1472.4931416468094,1387.3322126857838
1177.2893919594858,1567.7895568255808
1669.7783248081566,1295.8766837264147
1779.5004875170455,1286.400369432846
-918.4320201832284,-833.4439712759638
2035.1897332972342,-1261.4646545186015
1718.9179417420767,1267.5756703799855
-2123.9115384453403,-2490.9455315754667
-1746.4926075633916,-1778.5448515786356
1020.5055095114627,889.3556671935347
-1766.4642101331815,-1817.7907809935662
976.9873298790114,863.0913166333305
-1711.8491400768692,-1735.321165148841
1051.9878899256325,1530.652097072782
-1405.2003709916967,571.1694994207038
-897.4530540721746,-547.0406823470387
-1068.0808803165373,1402.1910077231107
-1369.4044023959805,512.0363717956387
-1038.8674823446142,1284.3261018958276
1151.2924571520216,1530.2342817521908
1051.8187301625717,892.1605369642865
-882.5314539841744,-720.0558849079227
2004.244600236227,-1371.034882825214
-2087.6061131103215,-2504.242906063339
-915.4559658007371,-733.5525411897406
1038.4078353536786,944.6205919152542
-1507.6486781994086,1365.7151499724193
-1494.5760028110585,1371.027652162172
1656.414664209324,1316.7187213702748
-1403.3850279032372,536.5118089157713
-1309.3128706361758,568.8483924685509
-1733.7168223047865,-1763.6762400522343
-2130.6421753010436,-2476.399159734577
1758.071095287328,1332.7045559818364
-1694.2639141005736,-1779.9744825263197
1240.917873108765,1529.4943964037827
-861.8578271855607,-530.5402245807625
-2144.3903087490753,-2534.944747276765
1737.6068653173177,1424.7841054784453
-2146.1261372967506,-2569.5095317494815
1679.269280654769,1284.725285890101
-903.4610411129031,-596.4988243263628
-1422.2078234758922,1420.3800611155934
-1363.4759227390177,571.8641467693866
-1461.7547006248215,1385.2955339870816
986.8866352864702,890.9446163945149
1207.3775869843403,1550.6410593536423
-1735.1355255269066,-1790.7863139905312
936.9354175913194,1566.716850817083
-1656.4593492305678,-1790.8875789086253
-1734.5950010348085,-1765.809313660741
1050.6847861172182,888.0583084938223
2030.7860491312847,-1177.991327373716
1170.8993951152638,1540.0355608214015
-1447.2007865577928,1370.8500031255887
1038.3033454345784,917.021576297169
986.6342506472932,809.4767830612641
-1461.6208687380488,1380.3292646564319
-1353.860810203574,556.3097563165034
-1755.7655123268476,-1807.3856008761043
-1477.2863050210906,1392.969137231413
2010.1052670517138,-1309.0010127248747
-1438.9449062884476,1368.1811288464414
1021.6070604533226,906.1254033233229
-1002.0021410440323,1307.9536637141803
1878.6364170109762,-1306.9805247036338
2062.7780399747953,-1309.0624804546142
1206.9795481054807,1545.440591355002
-959.869224031662,1287.6030999212812
2012.1131985583434,-1351.6846759807524
1753.0991880432225,1325.5306178209632
-2139.6714883285094,-2551.2831675419948
1969.2206683807158,-1473.7772289973848
-1127.7070099813293,1445.1623958379273
1932.1203836672616,-1315.4325991878115
1675.7460997146518,1359.2215389707576
-1389.5182274952895,529.0064560137998
1171.4392738754884,1553.5204629411107
-2157.4268348695578,-2449.1223803535404
1713.4191986383055,1343.8591537858697
-1344.7880796148756,490.6448319831052
-1321.7689997415011,503.5076799361514
1172.4702131565348,1587.9310471480842
-2085.016069095827,-2541.779326446376
1000.9652777767403,879.984825317348
-1546.8357721751036,1419.5123734726503
-2188.2372408694287,-2454.4585960309023
1948.2153438437083,-1207.2067500988642
1766.7695380048315,1245.2942223068903
-874.2457209432441,-730.6623961640366
1240.2367274597611,1543.98472567888
-1402.5517867138299,516.3762456145967
2047.5363075413225,-1245.870831701986
-1449.4944908018877,1342.6835698693815
-900.0441223808358,-630.8540821870743
-2129.9067180901584,-2568.175501032705
-1495.003699734121,586.7633073515034
-1331.8585110524368,579.6535344933129
-992.0252008878724,1483.4940823410934
-2135.274900795162,-2553.757089755024
1047.4198524038834,1545.6287309256718
-2132.4654186675857,-2545.8218768459633
-2156.68941625598,-2409.986043625513
-953.9516982581032,1434.8509223140672
1929.373947782693,-1316.105001027013
-932.0470510415453,1474.7424294636214
2026.9575119794586,-1303.3389064931798
-2144.475975912789,-2455.2398514634256
-1710.7752204850492,-1829.3773351238553
-1102.1100974600754,1303.3723514230246
-1081.1834724704725,1394.7363071886339
-1393.1456847325892,1362.7345226723962
-2079.286456821546,-2416.5884014909925
-871.5913242077359,-713.6416679904087
1233.9062477826321,1522.080767222012
-1711.316525426713,-1812.8984478659909
-1074.3461402577911,1375.6328426084895
2117.1674046613603,-1300.7231462080617
1681.078780859313,1181.9635552717664
1150.8464868499636,1563.9919501022414
-1334.9045541429225,534.0465757045721
-917.1621530028485,-649.272689642082
1011.0919019792294,941.115684867953
-850.3911011921953,-600.2259842413042
-983.4454473915571,1284.7049338286863
-1025.3804181517316,1423.9533078819497
1020.180772382297,932.2427670317343
-1494.156511210102,1352.2825051155314
1730.1800627521557,1287.322760437873
1965.0874265184395,-1348.3317527399922
2001.6605903907837,-1258.9593063633224
1747.759163184865,1483.6216638777273
-958.6100629230891,1337.8528331161376
-1715.4463022864586,-1749.3916966743052
-1670.1777202489593,-1738.7446949198513
-843.3185013896112,-605.7708977803578
998.1883070409774,893.2299124131229
-1640.2362702251587,-1761.413218484431
1645.9885162563664,1334.1938609063372
1029.9468649846854,795.912716064575
1694.183209747324,1277.952827316531
-2095.254505431352,-2499.157504539499
-1438.8161419558091,1394.8609818309696
-895.003847463518,-625.5372300587898
-1369.6225389193066,553.695815100824
1694.2028848804523,1244.7922887200623
-2091.0220184761574,-2440.140138424386
-949.0637207945365,1187.9995666998402
-1413.5263155617522,542.2505922389727
-2125.4242291694936,-2391.837651543492
1002.7755516393186,897.5645465266339
1180.8809233324437,1494.9401176494302
-833.6316112547584,-622.1902751744136
-1064.8134276412018,1348.396874303517
-2187.3634454147345,-2501.246932209664
-1427.7767732972634,546.5602790970934
-2156.2906070404415,-2416.087442439557
1969.6977739839667,-1293.6300102718383
1749.7870239823453,1362.1889072099232
1774.971382927847,1310.077617146882
992.2609878854103,934.4226936502191
-1475.9023853032256,1440.6080583596306
-1430.4848227635916,1427.4489476034898
1728.2158087989553,1291.7280082300529
-2151.986054152814,-2538.976942923608
1757.3936792727493,1265.4149914251593
1989.8780090022233,-1289.9874595442134
-1320.3266490391538,538.1580944945318
-1428.820719616675,545.2502809115905
-747.8487675079771,-636.2274869695492
-1387.525246933741,577.1256920489072
-1721.7615933071797,-1788.4084132113828
1742.3037411644336,1275.418001467424
1689.4344995747072,1353.583289713979
-2278.8736856660103,-2482.590777806946
-1440.9737832631838,1339.3611568247768
-960.4259550789754,1448.4177998438724
-1673.2838554905793,-1732.4158486355125
2008.9339584090758,-1344.5767587388539
-2094.7760451084955,-2527.1003213547856
-1414.8087593935675,1399.5270401232713
-1454.769792832083,1360.9302781565625
1040.102288265265,960.9191526665871
1170.5220244279928,1494.2391959833324
2028.5628518153362,-1238.8323117921548
-1412.278666817767,576.960819471285
-2072.926277159912,-2499.1119978173447
-2050.2135127320207,-2476.4669209638737
-2098.4874050029794,-2536.470338211371
1261.9695359072318,1559.8346494679358
975.3751040359724,868.7574845783195
1200.7858048663595,1558.2620679180498
-2076.703391610404,-2567.0134009996536
-1333.5593859539042,586.9192053084693
1772.1002847621053,1331.4524314449138
1039.450080283226,1562.8989981765255
-897.2784888813612,1343.5054306300283
-2097.8822430211244,-2462.5243600678214
-1075.4984449155284,1414.4564966076243
982.7240782460407,815.5030667302118
2026.2276897716465,-1345.0325466764266
1184.2214377850335,1567.6295422148858
2031.671154838157,-1254.0529788539025
1982.8600208169908,-1282.630084719643
1609.029955780192,1336.885891656161
-1675.0471501905445,-1828.909145246564
992.8468619911889,827.7371697789308
-907.5329818232576,1302.6164993373836
1779.3251362209949,1304.4649651826426
-2165.6259385679245,-2527.2471903445166
-1271.0438199864393,555.6166478178004
1661.1616589003231,1217.1577963250493
1701.7656788244947,1235.125200431468
-929.9530545470151,1411.8663218468914
-1380.1575858011802,542.3412557328076
-1069.7350214121714,1345.9802327864097
1113.2036508401957,1539.4408273908086
-850.6032074084658,-619.2071725262516
-1491.8405647810052,1368.9660784761506
1650.8379995220296,1389.133612043324
-851.510932057578,-547.6388563224441
991.1344707703745,909.4172924548831
-883.3532470859159,-681.9141789431471
-1384.0764915822724,1348.813356674704
1037.7848566160687,851.1368400783019
-1372.6585992280707,570.2115907916435
-1445.6391789615702,1381.5157708955237
1098.943510901944,1554.9873518385577
-914.407128500356,1297.3475958125641
1054.0551345935364,1534.0419407147997
1755.5213557301263,1382.6779512152168
-1709.79194707462,-1793.3033495620562
-1729.551356967178,-1800.2516272591931
-1503.440378725939,1350.5431298374508
-1482.3642009376188,1366.8547102358696
2024.4877238650777,-1329.4857698615638
-2137.4992131655695,-2342.0542249667233
-1725.883435604825,-1738.629268906859
-1331.8978596176003,536.4592452442598
-850.9328912993963,-774.2680984874448
-1492.5993475925832,1347.802387970491
-2132.9611376299736,-2390.1430659838375
-866.3380708930922,-734.5269291752934
-906.7841569117145,-692.2372636088725
-1341.6316355153372,512.9082043540435
-1712.959530242446,-1738.8032086950072
-1079.164425747875,1418.237124267688
-2118.3624590126537,-2362.3411731234273
-2141.5954340346466,-2431.5165697809066
-1707.6400923968783,-1700.3598304277757
-2137.2592917412785,-2525.118666961992
-950.0972050731405,1398.2116524062171
-1484.015930773898,1460.4485352166316
-1472.6051475382628,1318.4531447219906
-2196.184275033401,-2471.1904468994544
1183.9072505721144,1563.5010537591827
-1434.3105854153998,1362.05853608063
-1504.2618675345323,1229.6489882974279
-1036.9172378157416,1402.854871191106
-968.2040047395035,1368.0861905339984
1749.8806650524712,1346.7404290306529
-1723.3324896397594,-1738.884673829435
2006.472483385069,-1200.519985776917
-1332.6649460710673,537.2193272274847
2028.7655464751658,-1345.669757052526
-1462.4494601452907,1394.9300033225388
-2110.817377356656,-2478.519826151064
-1415.1224682137874,1431.07100381176
1752.7666173698735,1332.059163190131
-2175.3799651234017,-2460.4850822365393
-1458.9769984920745,1375.8224122109439
-1120.8307538846286,1464.1118746245027
-844.0255500863508,-692.0089549397252
-2211.259002296704,-2479.4843398200596
1007.0231020373891,936.5475362541725
1024.2329544953047,984.1506928490396
-2151.024321661621,-2509.197773272039
1886.6166675327547,-1311.3844612439295
-864.5911582211197,-625.9201422646831
2079.5147038131104,-1273.51211220952
-2134.5192892061923,-2377.7966174028843
-2115.518550572201,-2551.946357092807
-2160.2902928863755,-2464.2451943436936
-977.0165319999712,1353.465741165157
-1486.4561377791297,1402.9253816603511
1032.618195908844,943.1913403595352
-1467.856817881176,1408.9038058551896
-1423.8249138445697,1431.391409021979
-1403.2961069164548,1375.9996311543316
-1412.804724925788,1434.8687058616756
-1441.0464443063165,1398.9374110979109
-902.030951961372,-628.4396227274866
1974.4965351517235,-1290.3701903444935
1046.7467822812553,743.4949926196444
2012.3794905148463,-1169.4217075863326
-1713.138384738053,-1740.0788008907073
-2188.0198690106777,-2473.6639095108203
1996.6384645348446,-1269.6033525249607
-2112.6515947824196,-2502.5420781580638
1169.2842607063142,1521.3398520658952
1785.7323168402393,1160.772155359461
-848.8310007753884,-618.8508295494285
-1074.0779798721373,1298.297931084217
-1753.3316828336413,-1731.56967560725
1823.4353749234697,-1277.750125567837
1757.341514329396,1305.8856052202657
1006.7107918161003,1511.4540678397254
-1071.3712729053552,1325.7382060262928
-1695.4500400856111,-1753.12711794018
-862.3702534867545,-696.9014595824125
-944.566112588203,-653.9181010702773
-2105.603541283165,-2472.560844858685
1648.0514104676267,1316.9212950657097
999.9103871123339,850.9627290486428
-1417.552153714871,1410.5527383503784
-1682.417914650462,-1757.1951493826725
-1735.7636692066912,-1781.2418684673721
-2086.112020932751,-2311.9555186152515
-1362.3144471885264,547.703151539941
-2121.1375327887085,-2550.0384525200834
-1439.7226343703728,1333.103219038032
-1064.5717266472254,1394.154948550849
1727.2130516840323,1394.977786056095
-1387.8356218446224,581.3257998187628
944.0265684432964,980.891385379312
-1708.981029423518,-1760.988292401918
1927.387745735082,-1248.6170523009841
994.3983248299417,832.125918128094
994.2002406715234,907.428373411574
-757.7177115187741,-654.3366386034431
1005.177640932431,843.4854663305831
-855.9724198596026,-624.8203604843293
1785.936914392936,1305.636140445515
1049.8904805529712,896.7497744188004
-1413.93257137011,1385.0531886387453
1701.760759749492,1335.8484451582435
-1480.9873865555649,1362.053971595524
1125.4833479864485,1565.5973787317553
-1394.7904553201363,518.2013652664315
-1398.4530099934404,1340.5615789499736
996.3690518600406,1006.5084006875975
2039.0309991657682,-1407.9637272604689
-917.1810697218081,1318.677359461711
1308.6203334498166,1528.1896288651683
1025.4826108093077,956.5688716580331
2001.3735981274083,-1261.6781129177084
1218.338231517609,1516.77278552167
1080.7215090541183,1583.0496468732101
-898.4339575975979,-690.3069685727578
-1736.484248641201,-1772.762904926499
-2099.4569957820677,-2523.9582001482986
-1045.6223453421721,1338.7826209072537
1172.275588246226,1505.6825245457014
1035.8986611835126,932.8791810523438
-1385.9967869679572,533.213835832588
-1012.7833000897281,1366.9315277451494
-958.0756052436698,1351.2110216216681
-889.4874850268939,1426.224612908199
-1686.751627032731,-1755.871412172005
1707.53495925546,1302.3874825783867
1001.3446522350288,924.6961056991655
-892.358859668174,-872.5047906547995
1747.7161719939932,1358.9691007233512
1981.0417394918654,-1264.8405698125923
1230.7813171020405,1567.6168971041618
-1390.6524156291844,576.4692441708604
1677.2183210177895,1417.7690897422428
1957.8916924660766,-1306.6404301985224
1257.9184124556248,1594.8412143111223
1137.260676004482,1564.406952344558
1029.1907280373612,958.7931128498165
-2142.704432475549,-2299.946952116226
-1468.2474012259643,1352.4384025938812
-1279.6428626946197,552.8702926375112
-2148.003585378491,-2425.8599992801187
1644.1270311021385,1359.8977588966618
-2214.0079315636003,-2375.7892309960016
1010.1090800469267,821.6165516027795
-1399.0280549715733,500.5994819397781
-1736.6015995583393,-1783.9563460296097
-866.4883000522664,-683.9090228022457
-1435.201547699572,568.2891889268157
1699.341261475642,1305.90783149353
1025.202048554595,787.4581037027773
-843.8664846506632,-613.0386528740772
1114.5243054597538,1549.8922050293484
-1464.4246970879897,1334.9772470013577
-1687.2072151286206,-1791.6032401129848
-1386.1920162324964,536.120328902317
1745.2784744182325,1413.3020653230258
1729.1640958546614,1468.3914434678677
-1361.0199539542596,554.5335420546033
1696.6832131595797,1256.782722096064
-2200.875257793525,-2487.254831912983
1005.7788239260581,859.1235164482654
-983.5277486432999,1275.703844032487
-1431.2537582572547,562.5987667406813
-1436.9108524368444,1299.840805608189
-2102.9011185663876,-2530.6714379251484
-981.0713400594511,1422.850063725821
-1067.2972230839753,1373.7870472188952
-1460.126686285803,1356.427161151824
-860.1884149781545,-745.8521136251003
-1336.5258150998266,587.8834715421185
-1466.3688572829867,1418.4827550689715
-851.5199110473236,-581.9837104309541
2027.559334475008,-1309.966509124888
1283.0533958333842,1555.641496228475
-2064.1114699407003,-2424.2536810577108
-972.0593802060663,1271.0488039793856
962.8796003907746,828.5111640650503
1086.4689750675839,1587.6250731423188
-1421.314394918577,1411.7953860631073
1750.6626236197653,1282.067761982859
-1385.3274044079178,545.9319621273679
948.7795750152528,774.1399573096513
-1756.0850128277573,-1787.5475840923273
-1411.9831981465131,1367.9800160689151
-853.6312560377843,-682.7560418178481
-1333.3141962772777,549.4047811199554
995.0650199074979,861.0462424536381
-1721.047140045045,-1838.9996414824457
-1736.8941236371331,-1806.3687020182165
1021.0786222792001,1526.6072332210877
-887.9202647697697,-607.3112909477618
-1709.8806964901812,-1771.563631080993
1213.5891326368433,1544.8683588703816
1776.0012896621315,1320.6669735662178
-1732.520894390723,-1762.9136712516497
1735.2970864232466,1292.7063340745867
1019.1409262021388,863.4501389750033
1898.6330650020686,-1299.688393090299
987.638266983314,848.8476902915606
-970.3941312987456,1279.1235937982597
1723.032878451234,1347.119442148138
1694.0691610055567,1270.0983166366257
-1763.9051325001503,-1751.7597179003153
-1410.086957035752,522.5321635674667
-1452.7709006510913,1432.6667017402497
-1457.2831069568315,558.8947429837742
1243.5090695327096,1554.6110887242166
-1437.740284879544,1443.9716816855175
-2235.3731148726883,-2526.9479312754293
1667.4514508766952,1373.4061544277329
1983.0811943273939,-1336.9097856565766
1039.8070748286736,926.9853798139866
1061.588965686175,717.3982132001721
1155.4393646780236,1562.5550446118727
-1386.9351345943217,555.2220557897894
-844.7764639116265,-490.39331366474863
-1393.980704830453,533.0657196199229
1124.8309175026543,1546.2116942284488
-1460.9584767827682,1373.927569141556
-1634.9150957396866,-1781.9306991526446
2039.4858962131395,-1317.8936020617934
-2203.4651931398985,-2429.0968160305656
-2115.402382803137,-2346.691704601303
-1703.3260142036547,-1826.7039219832557
1798.6614681422068,1279.3306562917187
-983.9124539322928,1392.1226718899152
-1489.55728361989,1372.756684768068
1973.0828090943735,-1310.2169921034017
1042.7322030814773,822.9768618644124
-1384.485087477723,524.0421840045431
-1361.9247411036997,548.5471264266027
-1434.4754161994115,1374.438306792349
1187.722914555021,1506.8738412557439
-1734.1490599587448,-1726.7238281378864
-1041.2581987734934,1432.0197435861787
-1746.4390090411314,-1729.6667787445542
-1394.5065875128032,581.6475045770878
1971.6607427659333,-1282.075576560524
-1767.0241093324773,-1709.813015012802
-957.0372520696745,1363.3267403842035
-945.670366985758,1396.5406195120202
-1658.3432279385215,-1704.1777468362247
-1348.832383034743,539.7805576990451
-2160.944651694993,-2611.6480660294455
-1415.1584493052426,525.6160019450068
1115.2291103913792,1560.0049102909186
-1673.364157836736,-1747.5442509122122
-1382.7943461585253,518.6693704737592
-972.9064852125808,1377.6135926669033
-1714.304503643685,-1780.62546592963
-1700.088424240526,-1756.4129746470842
-1311.71480550728,530.1120057842695
-1094.1885944429566,1268.1997764570597
-1457.2811315457086,1395.5080791465818
-1741.928540419172,-1732.4567736872045
-1017.7855556170342,1440.01674629567
-2109.0570196548583,-2521.5777220193595
1958.1070990558476,-1281.57978694787
-2160.6377619546333,-2454.1512280515117
-1711.8522082277336,-1775.316307038031
1003.9336818620122,820.129559029227
-1137.434037503191,1478.6054014870065
1030.430776776041,1551.135548503406
-917.7668388262229,1306.8375293857541
-1292.4060346056337,562.640361307743
2013.913172896161,-1306.6682720486835
2087.726980993119,-1300.7301726533265
-1497.4957004175058,1426.7893205935352
1112.9903343636126,1515.943051646537
-1066.2486935089048,1324.3901781212119
-926.118731731355,-643.3361020576289
1904.4614095512065,-1273.5980376999905
-981.4227416405507,1327.2011065103104
-1362.167187419668,551.3061452158975
-875.3949560360873,-755.8933467746754
-2207.539665593624,-2384.413409611187
-1709.3571888343827,-1815.6205019305469
1094.1378663944408,1534.926054700714
-846.169818349385,-545.3543504601585
-1690.6660464951403,-1780.709534713447
-1660.8347522023187,-1705.248520396047
-1410.3526580275404,537.8695194285725
-956.7423375952008,-586.357750603135
-845.8287103494981,-555.9976937903567
-1755.5062820226135,-1786.2356075938073
1728.5511247735412,1310.5325928231516
1145.5906599408274,1568.9310279030324
-2125.0086567472767,-2527.4688009555357
-2150.6791023152527,-2343.0235443466863
-869.3149618665565,-586.4166332287834
-989.9505786154185,1322.276233271218
2059.889877762103,-1321.125557423386
-2105.132657184371,-2332.1240074909683
-902.3074269731327,-622.2731606431336
1910.238036673996,-1444.5524803468936
-2189.505112258034,-2535.252135523469
-1769.559142506541,-1843.212243676727
2070.950619248924,-1353.640407422471
-1681.5850083253401,-1766.8428756306776
-1479.85277135648,1332.8122044042732
-1733.0134877532469,-1762.682474443492
-984.6070549878724,1364.4786854425374
-1461.2724651958192,1374.2618886784228
2095.4567164779473,-1319.8849168239135
-932.4982364922097,1386.4450297809467
992.1798567408895,921.1243537133115
1194.8617918361704,1510.1596777547975
1751.3405296527699,1335.1576045135926
979.378513186246,850.222422431592
-1320.077179282599,570.7018697009422
-2167.190656077474,-2476.340541050638
-1348.6201730399835,562.9864753110294
-844.8831674890035,-786.0808423343618
-968.6544950348444,-690.0352988160687
-830.912632769618,-532.9213993089611
-1006.4193942510431,1324.8731129988375
-2119.4910480938543,-2559.711126133778
1012.0910018588794,918.7816330461429
-2207.4925313123135,-2453.3703656462503
-1408.6208791849679,1298.2834338404489
-2135.1149180332945,-2519.833344349103
-2103.679697292546,-2584.6279756204244
-887.9163890810422,1442.087155156857
-1311.6669939472963,534.566604098293
-1692.984027370557,-1780.3696682368868
-1360.827976975886,541.9010281430246
1103.5560860282003,1563.7757172554543
-1703.6927764292939,-1750.6430199201557
-1644.6242016905105,-1810.2231920117956
-2250.946840445236,-2420.1622990981728
-1028.1464812544166,1347.7126212165876
1003.0317501396917,937.1357385291823
-1403.4730010918886,548.1897365318216
-2171.578543354356,-2392.373091815904
-1356.9129526611466,523.391304965371
-1010.388842514582,1306.0112775594555
-870.187961958005,-655.8137445845172
-909.8764153990505,1330.028020150763
1747.5309528113403,1286.581912736296
-1412.8231571712563,1334.3273263461817
-2035.993152994598,-2387.42076620584
-868.2750979605333,-574.6772217941641
-1356.8531320894263,533.3411204326871
-1426.9057713560853,1361.4852660200686
1645.319178076336,1299.8210765995732
1772.1044890976243,1308.2663113396964
-1335.6024744130975,527.8346544207787
1726.612704477419,1336.0927993838231
-877.2365485459667,1337.5420668296865
1949.1079672990254,-1332.7024435171343
-1710.3882922893663,-1796.5029687035362
-1716.193548463395,-1776.0722756611417
-1326.8208849857751,563.9541545546552
1185.2713713338424,1505.9811899489835
1968.2058641404935,-1341.7812146151591
-880.2210373254276,-595.2512994544902
1770.2042115852691,1243.5605853285242
1738.706934846787,1285.4781191640377
-2154.652929845925,-2515.685984467656
-1473.2803915203556,1382.4974319052828
1158.8762998267578,1524.7735899344757
1192.0741113473503,1585.5687446604038
-1697.0054309635386,-1800.048267167873
-882.3892033600596,-778.0629013474181
1088.0421286457617,1564.6519529326736
1305.150430571463,1555.6867837591747
-1045.3715932630264,1312.2221575985811
-970.9324386407949,1315.0544951509555
1687.629637568377,1366.2380278219919
-830.5877670431859,-550.4094497507025
-1775.9898003468345,-1756.6058374618058
-806.0369069143629,-736.2983491969363
-1372.333640092051,588.9035502398978
-921.8111010632889,1360.5044032174312
-1743.793781514887,-1734.804679394397
987.0415013560054,826.0706978662147
-847.3347454394692,1365.6980787675302
-1456.3218614772834,1416.3396239910426
-1704.2612496501592,-1749.4241231809306
924.3181411662348,827.0798602938348
-908.7799521378219,-683.2806918700308
-1420.627991891743,1320.8829046787573
-876.8392783380211,-588.53316986645
-1415.0127648342836,1395.197181634277
2009.917241408962,-1385.8561860760244
1769.8899936522832,1299.1464281939543
1609.3239841822613,1339.5902507432781
1627.7882706006428,1274.2992918501166
-1390.4784577681587,1385.91678650326
-1721.4866651532338,-1796.8100735690448
1685.4201515141872,1284.4289723410138
-966.7741786691606,1401.3480199303888
-844.1122258403259,-683.7650720580033
1168.0707343841589,1502.322422830023
-1394.3215233321012,578.8014672991085
-1004.9608302017908,1374.966277560962
-1688.0113754069973,-1715.6779570872977
1998.5685621492619,-1303.7965929768
-1321.0805511129174,572.5565933339311
1721.152564018995,1383.221188639888
-1749.7086596314095,-1814.4885321227016
-989.2176300807579,1343.6531527187847
-909.0939844824475,1355.9292336413785
1693.5371667262477,1367.5274029416191
1688.9184404037192,1369.193163633218
997.2940257244745,879.8320218837977
1173.5001916768463,1571.6175738122813
-1064.7093761299218,1337.7451506864231
-2147.334742363767,-2500.0276594939864
1145.3252223748173,1573.710546321398
1704.7055542253747,1327.757468505115
-2096.012194830897,-2555.3306573957116
1023.1201155816759,1529.9543555103667
1725.5696416006701,1325.0054662355808
1680.1221464669422,1302.0237135065206
2037.2065718724525,-1331.1875965279278
973.7363812609867,901.6345492853005
-887.2004777925564,-820.2019301836378
-2137.994366126231,-2484.761228363609
-1649.2415173718603,-1767.4677200944989
-1299.087786562151,509.90373527390545
1231.345384052156,1540.5806203377088
-1364.1273018308918,612.2874938702479
-2212.8943189189813,-2451.5898668666014
-1710.4842915625602,-1667.8324100863217
-1395.1781965159241,1339.529260527345
-1734.0782409394367,-1727.2078243539056
1743.6790924405834,1365.9603570276647
-2189.034234151088,-2555.809727685673
2035.902935860419,-1244.1692934488838
-878.534589328147,-588.0820075048448
-1434.9455492860013,1344.1001226477317
1276.8856032007543,1558.5595002664186
1018.3394495968787,895.5466870552478
-1467.9186044239973,1355.8035679909938
1027.8611682436788,882.9511872169554
1952.6918667173472,-1225.129709457022
-1417.0753577192158,1347.174330824763
-1407.22812903528,566.7863210806731
2100.8350907033496,-1257.6386825839836
1683.1568937413904,1349.4628798955139
-1411.9470220882065,555.4343718017639
1739.4119189046398,1314.2321647140832
-797.5355988554002,-723.2402679371614
-877.5830111195341,-826.2351508363734
1722.283348769079,1215.1369543401624
1001.2372777050912,884.0286656906517
1129.4426468118645,1580.633421231691
-1470.2237654897222,1319.4718370375717
-1096.7696688149447,1441.017491510258
-972.2960281202634,1361.2020294364245
1171.63923862286,1587.286300986871
1231.7805427459232,1551.2717642319215
-1358.7677453295228,533.4243951496999
1138.629771235186,1540.2780496243033
1011.9279695638763,903.2942822465067
-2089.5157872842806,-2508.0399400895794
1000.3107408721139,866.0409413665917
-1298.35297577494,492.19167530902905
1172.8640653810403,1570.929526287793
-1338.0980480652531,557.0840423180855
-2089.4220134472844,-2588.221908680346
-884.89934745342,-484.6664176417788
-1435.1790760263157,1399.1358148766
1729.979658099586,1296.044722745108
998.6938683020333,880.2714001970746
1017.9202686493231,791.0053742233532
2022.7531337318355,-1364.3583760035344
