-283.3198775955477,-444.1846573914107
-232.22022855753184,-428.8534549061476
-1464.4468220548229,947.552758860199
1499.3566693565122,-992.1757460214029
1545.3017370612615,-1021.3315794318183
-220.67587224992727,-446.0920754090325
-1475.8393877752158,960.1165599507611
-1453.0904291857337,988.2292266033379
-179.69162186961591,-439.8475535299509
-1429.0829863630233,974.2641540907032
-1503.5025120983878,947.4207030340501
-1438.523491443427,953.6558180987234
1545.623915061559,-1008.9894706260083
-267.8780085178289,-457.4666520072585
-211.38611130439978,-452.2783497824462
-1463.4285838939993,918.4495063325696
-1425.891609431245,929.9417126382536
-282.37563646476644,-415.05744579053425
-206.47862834949592,-507.1647034359253
-1463.4698952971744,953.7651131917399
1560.4606028483392,-1013.5307047069101
1551.598649900299,-1003.581224500889
-251.3224109273448,-423.47517909949465
-1454.1762967538461,929.6846432621794
-1418.2085846936127,935.6282474649068
-255.44612314559586,-480.10334071091603
-256.0648911341872,-443.34833474462596
-195.8755910976417,-480.74488254896374
-1457.6345889286436,956.1846467404106
-1461.8103900050899,922.9636503165591
-255.21562095951666,-437.5285768309844
-1417.8588990422338,976.3569359981929
1570.2760851824405,-1015.987963845673
-1474.9290164349336,953.7275540045025
-1415.0353158355215,955.4579555449557
-1493.959736981597,932.8762241647004
-1418.39096131308,953.2144899751551
-1492.1228333596523,951.9941900038755
-232.2875536691607,-443.7719458690557
-1494.4159929795417,958.8276598376996
1546.911969620338,-1017.2757863489118
-1416.5922893582556,914.7296001115506
-1475.3910307044807,926.5141784250588
1506.7698226727985,-1016.2875584369917
-1478.2176517401142,954.5338087018578
1529.8658003234686,-1007.5243428954861
1514.9521681923648,-1018.4582852780914
-1460.174443604611,945.7745431672013
1573.4459614651876,-1016.5480933968181
-1437.6208774092095,918.4867390754414
-1398.3864561889725,953.305132098433
1535.1741676385136,-1021.5283038254095
1518.7690005182078,-1027.4889088142304
1518.821227598992,-1036.3161637344942
-1449.1431842877523,963.7102879052385
-1466.9834281975168,946.0770304406676
1535.753143103121,-1016.2985792441161
-1440.8107146817144,921.3440808553156
-1419.2099604322386,935.298900809188
1551.9948051333959,-1012.6048273972965
1538.6176170790177,-1032.395950254348
-215.06217074798676,-434.9913150664451
-245.29545479399337,-438.87963076787145
-1471.7653732884605,949.6173802529679
1543.7830171127678,-1012.5770814989025
-259.3530162233573,-460.57540363168584
1494.916606898495,-1024.829359169272
-217.89729725706368,-434.6074482469148
-1468.0667857608373,964.063392870082
1571.0758228219686,-1005.8727011413741
-1463.4129584378304,959.0591312855069
-258.5286354918141,-428.04787859901853
1534.594059771085,-1000.0439771825693
-255.43119620267296,-452.0951240011546
-1407.1498639714546,977.8118360739161
-1473.3737013376347,944.5003085038293
1524.0934619339307,-1031.060088951823
-238.05627811540856,-432.13534345570736
1564.4368330103807,-1021.9869071539451
-245.36557470339667,-452.65398704010437
-1479.7039548782657,972.441932016504
-1488.2122602044665,979.5529352672506
1528.3756118202327,-1005.0368250877606
1555.9018461446503,-1012.2290172429684
-253.49667248835274,-460.5414579620921
1533.899053090209,-1007.0703492826776
1522.5020161160032,-1034.392190834672
-1461.420462522577,969.4319511961706
1499.6311489921954,-1002.4962145195949
1521.6657294142535,-1012.9729220916812
-1456.9283742009447,912.2500942553717
1523.2090878339993,-1015.3370026004109
1514.0310644152203,-1012.4267320263045
-257.7066123800259,-447.7194060076473
1526.9570303710498,-1016.0641697487084
-259.31292069552813,-470.2739564339241
1527.1226108410456,-1000.8217198985418
-235.9145086204884,-458.4485226070922
-1454.4473826694114,956.5100032287295
-250.00985536653172,-463.8437642657723
-1488.4476839589547,926.9252724779851
1556.4399210826703,-1009.3759019435306
-208.938892369494,-445.4936114058501
1502.5654916710823,-1009.9035550652529
-231.8331809852951,-449.0327712994748
-1436.4454734687636,939.514733124009
-1463.4896500975979,966.7700455745105
-222.83855841522328,-453.23674034460083
-1428.0614418045448,916.1237975047071
-268.21702528861556,-455.07009417878214
1539.2591695212654,-1009.7512324130445
-1469.518756104324,929.8539912907157
1539.9484931581562,-1016.1314863279961
-1485.9979401561714,957.1089935752273
-1475.0707380690767,969.6633567447499
-208.79717107265563,-429.04817203369697
-254.05416771116822,-423.6839781098006
1560.2044025063542,-1032.6597204335133
-221.01641986720065,-472.88829385000525
1489.074236414115,-1015.4682011892331
-247.49988780063055,-426.8110642646782
1584.6980633445921,-1023.3710184626134
-218.7682593327946,-472.56381676959364
1541.5888874635318,-1021.5611394694754
-1471.8099497791557,960.9325730177145
1542.4257723095584,-1017.4399652635234
1538.8199168359522,-1024.2168248189812
1525.0268504487506,-1021.5217862161921
-206.4572586590088,-452.6034447178161
-214.50744005850905,-442.8552594631093
-1448.7965010118683,996.1735191325522
-1501.4652676219248,955.2884341147899
-1468.0206984339688,943.1970032494378
-247.26114641145415,-444.8909981280412
-1420.9343506872833,942.0177333719903
-225.44367580576912,-415.38890754662725
-1459.2863993569317,936.0631611622176
1523.2345918301655,-1028.6819308080303
1531.0630720892375,-1032.385454703203
-233.52959390847852,-419.6201281773163
1551.9789552266272,-1016.3501150122223
-1412.0948476043252,939.8074326486903
1533.2658058702943,-1023.0087875006932
-203.6356766769483,-415.6383567824649
-1443.0608646034377,939.6341953578024
-224.94170188604107,-457.8699893356901
1523.500736525466,-1011.02563108522
-225.97011962974042,-416.79014841157885
-223.05343170245357,-441.00898930059753
1538.4445649016411,-1011.7466233833413
1579.9738789001653,-1022.3731800486348
-1395.0060849731376,960.4906438043287
-217.14109984608578,-455.5455719118013
-1470.997110567539,966.2187323864731
-1424.9889877673404,908.1073420951179
-1450.6026942567592,941.9546078235346
-1389.6770717808117,944.263446373183
-1460.6273308358357,926.9386897393638
1488.9296080540041,-1025.6616876902708
1530.8697453307361,-1021.878499917162
-219.50573007183763,-447.31377386177496
-247.97424408207124,-449.6152256296215
-262.44394419632016,-449.2398923937239
1543.1344766485836,-1001.0407491639792
-1451.364494776886,940.3417236712019
1515.3993796961904,-1020.0749683907361
1547.1779239705318,-1003.94644815167
-1489.29654584551,939.6769289107758
1521.6313745312077,-1008.3831486076766
-1444.6727486564862,937.8773672590343
1475.8918834868718,-1006.4260253067157
1533.4493186195562,-1018.3329108498615
1545.3758683521557,-1031.3388301646232
1558.592039005431,-1017.5588667959455
-291.08126136508395,-441.3507980451538
1562.307618047882,-1008.9810770115915
-1390.2718483522676,929.1200584431675
-234.97864395669407,-424.41599168141187
1508.4500895406418,-1031.7495209283552
-1464.9892978308294,963.2526422525882
-1455.2522451409627,971.9769385652874
1555.9892812641524,-1024.9534559799417
1580.110770503904,-1022.1902328800662
1520.8298536408038,-1035.5996374589192
1531.02707855882,-1016.5547300192991
-246.05563104536003,-484.4889193330901
-1442.9060527921995,951.1170517557174
1513.2489531999734,-1018.4513738670639
-1486.0493034881551,945.7328450821315
-218.3811973079363,-440.933420747339
-178.995779967113,-440.27378090066713
-1426.1332835890116,955.9175981532285
-1457.0762284779744,973.3829003132172
1567.7502891081645,-1016.4309021971402
-270.708991077036,-470.61828116093756
1534.578280836658,-1020.5791769745024
-1460.3752570807787,931.3768257889081
1539.498640295014,-1024.6823480225728
-211.99496830859388,-464.4141090098193
-214.97929157865218,-431.54466084964395
-1496.7220624406102,930.9459460334797
1510.7041471875498,-1022.6869146095415
-1445.6416765266254,896.8710635796564
1528.6475380444576,-1016.0822139192969
-215.51798925333412,-447.14638314378936
1534.253637061148,-1016.1499452682883
1521.6909835405331,-1013.5284860732193
-1474.3946701035823,947.8561999881043
1551.4331702765558,-1026.2047584068928
1537.281116805593,-1032.1534564746305
-1393.0128082030108,963.213731463797
-244.54111947175366,-464.26872764585573
-1453.2847448961918,977.3769692332016
1577.44106542718,-1027.79593781074
1540.9691548200412,-1009.756098973288
-1429.6769838805076,938.5263006787442
1558.537071994412,-1001.8349840650334
-225.23575160383788,-457.08774507590306
1554.0562714570449,-1011.7379293935787
-1498.6257962494788,933.4722649758901
-1451.0366311756873,961.6260223228802
1553.3968158557757,-1028.1162812559924
-180.13877367357742,-466.6557991551703
1518.5254084508645,-1003.7708170179286
-1456.033866853793,945.2656492871131
1544.4655261557668,-1023.2045693043692
-1493.6897087479267,938.2962666233996
-1423.4937146459713,957.6236566067392
-1457.15716951916,977.0363644429517
-293.4089362932668,-422.7294257143084
-263.3192883973959,-431.58513772590527
-208.942468694346,-427.86023444640097
-1443.6940568324085,922.4774276499015
-221.73189599684324,-446.76077261856557
1556.6741814435281,-1001.6538842239661
1548.101120279254,-1039.7094602600089
-248.5363422999101,-448.64171128240196
-1446.356761547403,902.6495999824125
-222.00416982898372,-415.9518057824262
1543.0798879551512,-1040.7547667056594
1503.033885849895,-1013.8638290398599
-1442.761269581154,966.7843677185087
-1471.843544945423,991.7090563297318
-1427.289303148126,948.4482687332858
1506.2027455909695,-1006.1845421203299
-289.34226350232194,-469.88879666673824
-1456.2145849759195,984.491518231143
-258.6265213009151,-445.3799378551179
1504.6463649012928,-1030.5342812196175
-1418.2507931344528,915.2309332731139
1577.265528057245,-993.8927210844968
1518.7220270667156,-1023.0280453556828
-190.71341843552273,-452.15852744040876
1569.5090160702705,-1021.1649449092789
1563.8355677231173,-1031.8151892880805
-236.04499463906888,-449.2178159596154
-1435.820501395901,931.7662975204594
-1460.0539557317527,975.5314788089681
1529.2230639365068,-1011.1573570107073
-1477.7200774661762,960.1559504609834
-1430.0016882699651,920.7741130958407
-1471.8687138807106,965.0215280676406
-213.56011890030297,-459.68511409611017
-1463.094871112911,963.7341691927076
-1415.9180165908595,958.4478319116041
1559.9074370351123,-1014.1423822034626
-170.54463680965034,-462.08105013489046
-216.77794616932445,-425.7560034779166
1539.1703793277784,-1008.5149164821415
1554.3079785765765,-1008.8218853363181
1541.170796738085,-1037.3285817012213
-1476.6641929884138,934.9609602943672
-1424.8351420988988,950.0489771618152
-1491.3847619381963,958.4195595958703
1574.0919366883634,-1037.5930783626386
1489.5364681339363,-1020.7457554892229
-234.489275008889,-421.4925714185585
-240.79862561705204,-468.5350052304723
1491.7987693976247,-1030.6835728878766
1494.3634084905993,-1021.0556036431649
-1454.0380726227975,997.159619669696
-229.3011972684283,-475.48347062619234
-211.38076042288992,-451.24152058017125
-1398.9280486664643,949.4523004936221
-230.10976393231513,-432.5418182479129
1527.8474276725385,-1021.2481188172744
-202.3865897599461,-469.98198631795833
-214.45872735167887,-431.33835796836104
1525.7071378751734,-1003.3544373777358
1540.4896700465308,-1010.6454731066673
1532.3293245157886,-998.9753105088037
-1490.611187309975,936.6860534022745
1558.9048594582518,-1025.215012569873
-245.65532514761418,-455.89156833945145
1526.916787243667,-1023.9439937148684
1608.7769358125763,-1025.4749036950138
-1438.9331757059117,921.5991827510619
-1469.338429706831,983.8902896160669
-1431.0937797063232,928.284498940694
-204.4720417940334,-416.0166937896553
1508.8642649194996,-1026.7379396317278
-1448.9728448825977,964.4032560914222
-1414.3396615496033,962.1762441127831
-1461.0773509536016,974.6019350763088
-1475.8548580058164,961.7730887675995
-241.12553230721173,-451.7744299400564
-252.86497761576504,-448.30555928828744
-1452.6955947139836,948.8257695345931
1516.6756064328129,-1006.5199942376059
1553.6008532934165,-1017.9619797297128
1503.5081606510828,-1016.0954842337691
-1403.3874854928251,928.8910884390249
1552.7693404865488,-1018.0194515810911
1537.2054181675578,-1024.8364743336563
-1462.2664691887906,938.1627441866349
-234.50086534462764,-466.8385824970352
-276.72077888672453,-448.3810274244832
-174.34162399450202,-439.6540528476644
1547.0440850201728,-1032.6127745386293
-246.9187603461969,-469.5616560919836
-230.4149914899127,-468.6567683223093
-1437.9584299505127,966.0221695835252
1557.2625507598411,-987.6155237025133
1550.4730214224062,-1012.7210553735194
1493.9502703368962,-1011.2580752372897
1511.5470750852903,-1031.3553714125114
1546.2961230363412,-1016.4187767368644
1547.2660639401697,-1015.9041441034877
-238.5320823851652,-454.55323110850924
-269.25970466046556,-449.7757615613007
-1433.3333142467905,924.2715218592125
1505.9436452812338,-1019.8797130697352
1520.714500472331,-1012.1201646109624
-240.0115785589077,-419.7429721445774
-213.37343823700263,-450.1040988982797
-1422.5260580788777,944.3829515651021
-210.62249920775713,-443.8942708601734
-236.47172679362706,-457.2052026872087
-1407.7804854878625,990.7082601887595
-1418.386073914576,936.221473221438
-185.4715666685747,-453.9920050620186
-1377.9702022576919,949.2483519095792
-1413.7557977651195,934.3557426577786
1535.1179484734985,-1005.5312892391352
-1453.1453224822696,958.8245574614223
1542.5237264775549,-1011.9359392210637
1507.4332110356636,-1035.4897919820323
-1456.3406127558246,930.0813620096676
-203.47836916569437,-438.69212537304486
-224.89260089140274,-483.3656617593008
1512.5103702050715,-1005.9410441706159
1553.66897481273,-1023.5897461358801
1516.5343107229405,-1014.4326907683095
-1475.4849310173963,929.4334333210056
-207.2622366613636,-450.8504160486384
1510.652427223593,-1028.5707492994093
-302.593772262135,-465.29189417921
-1446.9235467230935,950.3051437032916
1575.909278849384,-1006.8495646028541
-1386.8637157919684,951.7276000095056
1513.3699787217734,-1014.8387425831995
1528.4386345861678,-1020.8876175141205
-212.33566650691017,-462.1079465520711
-225.04394503674666,-448.4410744231432
1550.6241154900529,-1021.6329610913883
-1466.0522143675928,968.645128046205
1531.4154740783547,-1021.6075324924227
1534.0040585590382,-1011.2130347971791
-256.52417459212296,-445.6389919143358
-247.1862386023896,-434.34056031702033
-234.35356167703023,-474.6334446666716
1533.5099777328776,-1023.2338922779896
1474.1247880290423,-1008.3361825740838
-229.55352931458734,-425.40039887901196
-223.0789783460236,-465.4558749728974
-1453.6829649391618,954.2817747968902
-1455.5814922000393,925.4723866410621
1543.9927740492512,-1014.7167866098126
1595.5604654584065,-1012.4734827100875
-230.04041801825662,-461.04818764784824
1541.3553408765667,-1026.7384368989374
-1433.9849764550092,911.9679830491056
-1483.8268708638266,954.5364945608763
1511.0376922963198,-1009.9465554457773
1536.213356992607,-1007.2462985200285
-231.03387515954054,-461.46726387174874
-246.47556396216336,-449.71472928726473
1516.7529861251155,-1003.4488581592107
-234.78808475990633,-437.72055450781335
-214.45220259714657,-466.3149204167405
-1490.9070146923916,983.4122923443701
-1522.1740370463044,960.28985591293
1504.7828803926711,-1018.3672707270363
-233.840407815086,-460.23481050991757
-1442.9057514032636,948.8159396951103
-239.60663338963843,-443.20684942127065
1507.741612386315,-1006.9770707158721
-1465.15733049395,930.3972794608957
-241.73473627400523,-470.63375890790337
-1448.8522221963988,923.5758884038125
-1466.4940774714685,918.5521973934877
-204.5669518285935,-480.4866350410406
-230.35348501108763,-421.7126563814587
-265.4920447741763,-458.0890268717801
-1453.1390166355427,949.3562183068647
-225.84185678623825,-438.41915609567366
1551.3885205503636,-1018.1183737394351
-234.9488291499329,-446.77841673866516
-246.95880203903832,-461.92386071256095
1531.7368664817213,-1024.8466419974877
-1453.2488106936246,940.2386579126598
1523.9448801568826,-1020.5218398021328
-203.35256347631181,-436.74212446553037
-272.21116465193154,-453.12544845999986
-237.9015958949388,-451.9762531788324
1541.6853066904912,-1008.2535900649312
1460.3908976273265,-1040.5608690701492
1521.2476452903968,-1020.7980164109806
-1503.7305128600772,973.1398109058238
1533.1188865124582,-1023.9979105105746
1532.3253222401688,-1036.4514920862844
-1431.2176669498085,936.3037577536309
-1424.5734036142776,939.8045950032032
1565.7546580110568,-1011.7603436514324
1541.6870016760568,-1030.1510975456674
-212.38269845483342,-417.65802703056875
-201.09959089039546,-433.973731055675
-1444.52755569461,908.1428854451906
-220.81475218077253,-459.2897440219929
1492.6699536694932,-1013.7754753489231
-213.43394554265913,-430.38786145670355
1487.5337691979644,-1002.7613635632372
1563.9157639487707,-1021.9832435280417
-224.41036747012217,-455.39237673788546
-234.317339330469,-440.0574271842224
1509.540669332638,-1006.7552290968565
-1428.552147462954,991.3409720376919
1565.8740026746657,-1034.0711323395085
1565.5554786820364,-1007.4309262177183
-220.05831291142988,-443.3868661985856
-1407.7128894446628,945.3547897791461
1541.4475022911608,-1014.0652563720578
-223.747972064187,-454.7860041267184
-1429.8545597537004,928.5550242106576
-257.09567269085187,-448.7197672667588
-1480.7225538641183,915.3350540363842
1545.205971571262,-1008.5543415697275
1497.9155326617995,-1045.3347605007793
-206.22017460524836,-439.60979290518907
-248.7594869472012,-440.4211327650889
-1470.8194122275738,981.2035361203489
1531.0151787449813,-1036.9444718750917
-206.2424034118571,-454.886539366329
1509.3953867890255,-1019.4789815554908
1528.46303357976,-1002.3946099193666
-1474.8705313968596,944.1617444617393
1543.627932982757,-1012.9953495665745
-193.44598006557857,-460.208816673805
1535.2943752967003,-1025.0177209946605
-1460.2181346921,957.1355623586472
1529.8469568600465,-993.996311523676
-1455.6679354387102,955.9725586462366
1510.133418109857,-1022.2674986805143
1525.1913759834315,-1006.2230079634625
-276.33604883654937,-447.3059924632405
-1422.6667991799777,969.193385368555
-253.0503597721389,-453.1016190547447
-256.97874960055697,-406.72503802541536
1564.291362922142,-1011.919595537751
-1452.228774429932,975.9207928591455
1550.4008207771521,-1010.574704160773
-200.41409048942128,-424.71900592582233
-1442.405543761076,954.4472600995098
-226.46616307797115,-466.10304133786565
-238.22537317394398,-436.56558010437806
-1471.1405042076663,959.3630105260747
-266.7046003376294,-453.6444851369009
-232.90622910672354,-444.40924763694704
-1382.824595752091,923.66835311517
1569.4471554759227,-1008.4837082614584
-1432.5409999761046,939.6164413241282
1518.5377948138114,-1005.7313741347425
1530.5444455868865,-1017.4448113374592
-1431.5417947087362,954.331508786592
-211.6539915701817,-453.0940446831611
-262.0821488812504,-431.6225803841072
-238.0340612391234,-461.3749556939269
1537.519382331856,-1027.6607931005835
-1438.4567107250048,946.4381573331206
-1473.1547893361433,920.0756373568987
1538.4699869581614,-1024.5812293584277
-1439.2550002518824,939.04315585791
-207.86259264794344,-449.4132471175388
1553.1097382702033,-1042.570022138723
-1469.6824476850184,990.213108838793
-1458.6607041585562,954.1482240890726
-1430.9686317970302,972.1465408079845
-1454.334360454535,944.203047406855
1562.150334365045,-1038.7834766747328
-1447.7401591935052,941.6493071255189
1530.1512882837437,-1021.5874002582248
1539.380395532278,-1018.2445791728035
1526.7824274863215,-1010.358270982591
1500.0134288610316,-1030.6444928888181
1556.3130754263352,-1007.0995372523698
-215.04161068592768,-438.66968797114043
-1403.7947354117773,922.2934803532302
1576.3015326466182,-1014.8300604567194
-209.07031949950556,-455.070482476987
-1453.5138210881028,953.4838588444126
-228.70198539187078,-436.69039180015005
-1459.3099877693817,966.5065311891996
-1471.0408321805053,959.9869351949022
1562.05391061467,-1006.9456340992618
1563.8525013506153,-1006.001087092601
-1429.4779324941146,979.3932888281887
-1439.2648353415261,967.1376964592846
-1462.9774530475363,995.1230877696274
-231.6122322391196,-426.9093915423942
1522.519356881442,-1017.0504912135583
1548.3709846197776,-1019.7581839715999
-199.90845621681547,-435.6863369356308
-1474.8500920136592,963.8046601904623
-1468.6135950391313,929.1385705890248
1516.0165263664662,-1010.1938587049303
1513.1703697165246,-1024.1188373226985
1554.8119129208194,-1033.902642481123
-1418.6234090826824,956.0675037446625
-263.1749869226076,-441.9517943313384
1509.061778323721,-1028.1577055104403
-257.98398029750547,-461.0897506186882
-270.0477932627105,-478.0534079906665
-299.7334577436427,-449.6701855662455
-1457.6431234498334,928.5756895762839
1567.697645544618,-1036.8601013711734
-1418.5050434339141,941.2014630006344
1530.4171231873815,-1022.6874297492417
1514.9421951308107,-1034.3981467131282
1549.3864048482767,-1029.9315360479336
-1427.7747136138319,958.1884169606813
-250.6576844172478,-476.698839138916
1535.3933347682594,-1004.943941861079
1543.9040601175761,-1011.4420969458353
1549.936622812797,-1001.8143011871242
-1402.793510274294,956.6253665426328
1524.5009981777591,-1014.0307296431706
-241.71192359616398,-450.00447703470763
-1444.286566224975,940.3212356233176
-1466.39384081087,961.6517156210779
-184.36629947356477,-426.71876684117
-1441.4744268967147,964.7712629354166
1507.866329500803,-1030.8832147766052
-226.88309785118153,-436.4103107097542
-1451.3694903831883,961.3152576528609
-196.63037665085278,-448.7095742574044
-1439.6925485754587,946.7343277043042
1507.1404699158757,-1026.5590178857003
1485.9455284923897,-1009.1243257450077
-210.5180164715405,-490.56087440901
-277.6730200285234,-440.6273917851394
-182.5171225948912,-456.76594878149433
1525.186451997487,-997.8005400534697
-1430.38054051156,921.1487068734751
-236.353050087018,-442.18286252262186
-1434.2460250892475,922.8368401721438
-236.70372203596168,-436.2628441236639
-219.91650902712516,-439.233877798977
-1408.5738353052905,971.2901886986173
-1439.5893583097786,1003.557593476207
1535.333991604927,-1002.4945556375709
-166.26857437947098,-441.04697683427327
1538.4894243160531,-1020.8653551700551
-259.1639864157453,-473.3927975931229
-208.9164455622462,-461.24168592480885
-1481.6675121939074,929.3514491718743
-1407.6526277296061,983.349034292384
-1409.4350579927036,950.2590191361235
1612.2180172923504,-1011.7905982367089
-211.12805610122933,-446.7467808936031
1558.3028135170123,-1015.5528389160819
-1401.0171223335974,949.5459348907547
-251.99733327262206,-444.3712095100772
1494.0305095953563,-1022.1961794843046
-203.0379118243343,-456.31677100285026
-1436.4196895869036,955.2150688895383
-1427.072098637591,941.2452371350882
-1501.954533725395,973.0723167323295
-193.19480884640382,-477.14457365794425
-1464.787679220842,958.4275397827773
-1431.1929697437313,981.9532631516073
-246.89029225558403,-431.24894779226327
-1437.1710155897183,953.4249593991614
-226.52806752960615,-412.72440434136337
1540.8265549799503,-1025.2872370282719
-242.14482908638738,-453.52951262239014
-1467.1832029478317,921.5394077294492
1499.5866338260953,-1030.8208095426548
1555.2053303142793,-1026.7360557459665
-254.27981975015592,-446.5469643628888
1555.2251496977883,-1026.1205283889926
-250.96769120448192,-457.4099263887888
-1430.9127293186032,916.9950995996612
-1444.4537472674228,938.3986571034861
1552.724346288163,-1029.431152018856
1548.8316030704832,-1039.9908675833613
-250.45964658258632,-458.0340818364893
-1397.1003353284302,947.824057763484
-235.66544163256748,-438.5379437674454
-220.10965469708358,-445.70017049187106
-1422.5262580188528,939.7267615629738
-256.28740632141296,-453.84343600343414
1518.5038549348305,-1012.2250258455426
1537.9768421477972,-1013.5828361923512
-1466.266773924834,953.0013734698294
-1461.5808481866704,974.5557210836424
-193.32333727178184,-476.78779218523994
1578.3425520353553,-1023.4239642543519
-1473.8989508319037,936.2303246219662
-250.64443981632957,-448.8610255110959
-1444.758434660739,955.0582900038482
1515.6710896371771,-1006.2411690402595
-1458.242772749333,958.3462180970114
-207.58026308632083,-434.95528217221965
-1423.6377833915597,972.9366843376944
-271.90471897287415,-438.8222727126597
-1419.9613392371932,926.9979589222397
-1448.243858527165,968.8390795948649
-1445.881653464767,927.005985359368
1511.9813012497839,-1021.1970075304398
1497.4799891529208,-998.8848849158566
-1444.2745251740062,992.9690633537998
-1417.466810672546,939.4554758361096
-196.40822002467445,-416.1789543365421
-237.37449369116348,-416.2440990872942
-1405.0859386577458,955.7644273617561
-253.82590582206575,-448.4250208854347
-215.65304256672144,-451.5322978901962
-221.23757045008276,-457.56231797129027
1532.2849031223514,-1006.2403997977382
-258.35250389809,-436.4216090170684
1531.6639280197103,-1019.717528824506
-1467.1376612132433,959.7632788911593
1533.2861368450074,-1021.783611456224
1562.841184808803,-1001.8809484255429
-286.8548233876998,-446.5742465861421
-269.6568659994967,-464.29513304225253
1589.657821449228,-1028.5556102345959
-242.1491533656344,-465.0129033508424
1546.3714091811855,-1002.9650593701679
-252.32644960455096,-459.1598868039067
1534.8872808655785,-1025.973957922154
1510.4151966980526,-1013.038880705543
1524.4984042987226,-1000.1447192504781
-1458.5058305695102,960.4520428087504
-261.005580573946,-461.65425735646295
-216.53216776156037,-441.0181727375482
1495.5060939980988,-1025.105698880881
-226.22996647784814,-456.99706484253545
-1444.7128084482638,920.9666330195863
-1491.7723076604448,956.9333656048105
-1465.4820188040594,927.3782869883021
1538.219573680385,-1004.7730446094045
-234.9198114805483,-454.78064830394646
-1461.597294605887,961.1207855109221
1522.4082083049818,-1026.7252079497555
-1448.1725896356145,915.4647902029876
-253.79523575046193,-437.31765401312657
-1480.3546642543113,955.4693239284977
-1458.8716416225013,984.6213767245523
-1470.9556037814975,948.5296645959969
-276.57943368736,-438.5477474582672
-236.28458261105328,-430.8726756502518
-1413.8016010023337,953.1970792802261
1553.2064619926775,-1017.2871967636595
-219.33454720478016,-454.00054351563506
1542.5983934243868,-1016.139014311461
-241.082692962116,-457.9127035191817
-215.68786721285863,-460.2737503861913
-213.89056467817556,-449.7524199288417
1556.1680762974988,-1029.884030635315
1532.420991657639,-1012.1643731833776
-1415.402290113592,938.3108697774242
-1446.1650357190954,966.0038334477241
-1425.3596171499773,939.1485045859445
-286.6234119292291,-436.68053706813464
1522.152723215897,-1010.8586953942587
-1451.8504816953414,975.8172808064498
-1431.3668498056115,952.5791383260672
-177.12522675752822,-423.42750368762603
1494.6173723959148,-1013.2337155483325
-211.00696955184512,-456.3589405033593
1542.1258946427206,-1004.1660456868234
-1453.559268071955,954.9864492640256
1555.0110819001084,-988.2970535186312
-269.59583003242943,-423.18305485326556
-1451.791856435446,944.9965970062851
1582.511634088906,-1013.9803900659196
-1429.4268034577547,952.6332908660859
-1461.4410771072558,959.6795918061695
1519.2181715970949,-1029.5015015915324
-1477.470934551759,929.6654172287332
-1386.1753104049517,914.8387135791585
1548.2559853887935,-1020.4343887725947
-203.99910774061138,-447.52105213442104
-219.25247523840284,-458.61149789496795
1522.2630280850053,-1022.5714973718472
-1478.7157994632748,947.6177971225643
1564.2194504515435,-1030.785494392955
1546.969296779009,-1020.7176884340467
-231.63109484498233,-445.1575325991295
-214.89027063262853,-437.41441152591625
1547.0943440472734,-1021.5009717239525
-239.3837567865887,-463.4367175852865
1517.6836098365134,-1001.0146890767612
-1463.8869529127621,943.4916719811903
-206.18716606919514,-448.84084399426877
-1427.2590890625277,938.4441992920139
-1441.0998739154847,933.3560717298006
-1411.205948351032,963.8786718467808
-239.22677233467763,-450.98775377095063
-1468.8855090124932,938.4953038395282
-1444.7956658189914,962.4372686591219
1534.3497199052579,-1010.3863627482212
1508.0970633171073,-1028.9636765195712
-231.63369301048388,-449.27794246914306
-1420.944025673523,969.174615005111
-1436.0911655619698,923.3879707425431
-1475.183924701227,932.2338330265494
1540.6697660827604,-1024.5959834434336
-220.57626048619142,-409.4304608352373
-1440.290161101839,956.4205745230536
1553.2745341733403,-1009.0828385856637
1538.342387439297,-1040.8941251659194
-230.7418605534083,-460.60557702232774
-239.0691705651667,-462.0484977041612
-1445.3935162530795,933.3769704491992
-212.50731653185525,-431.90619909435827
-1439.3672204270126,927.3280029058457
1521.5414762224036,-1029.2813356846075
-227.72463549598976,-468.0875217534027
1568.6766424025025,-1019.9848191986874
-1441.1392669892018,958.6652869096818
-1453.9913475399508,936.7368514625967
-1496.2653337039667,979.8229684576808
1531.66982721163,-1023.7272915498299
1515.6856204119215,-1020.6295498923093
-260.3595943387757,-487.69661782476135
-1444.5578428645142,947.5984614743052
-199.64541526529257,-458.73125609327496
-241.2281249618155,-422.12565111222966
-246.06055961112267,-440.2177358583209
1553.9095391645774,-1015.9604665251765
1567.2942650020689,-1017.563300099411
-1431.0927214466312,934.4878082817365
-232.7073694750201,-447.96194723020403
1549.566249541059,-1022.1237083121023
-1460.9497830384164,947.8883817321133
-203.23164388228605,-443.7270018709288
1512.6571912453824,-1010.5207139258354
1588.1298577239065,-1016.2548755367441
-1456.8722860167823,962.6417925787583
-1439.9487738269038,973.1856818950487
-1433.9366005790637,924.2598397014896
-215.52545823244427,-470.0786840087642
-242.34096842043817,-429.7038207662311
1581.4852061077524,-1029.4818518699897
1541.5837399354486,-1017.9933442353628
-1454.505004398154,966.8247099244601
1509.440089130994,-1003.9551787067475
-1456.2295562123602,930.3330235646833
1521.5577058838066,-1019.0873688479649
-212.72635344177576,-444.2256466085224
1548.4602482953296,-1014.0335561968523
1525.2067128955139,-998.9250863945517
-1453.5088172945793,948.8039397301451
1560.3412460611094,-1006.1612199308352
-215.4421736181479,-417.75175515897223
-1484.685878173473,930.945269681988
1549.3809406052264,-1020.5406147155637
-195.09589557576254,-454.3263659135787
-216.05854928410707,-435.4908733789345
-239.4507762660923,-447.1815232889904
-1403.2276746203015,955.2205948281785
-1455.3489215489942,947.6441646487378
-1449.916135212917,939.8322990547772
1543.1493212143025,-1025.1879626549567
-203.75001760049366,-446.05311619939766
1535.7548176395221,-1029.4997478066023
-256.73853025792,-435.1049695981905
1551.2433941419017,-1014.1037177385411
-1457.7227483573986,923.1617105611125
1544.8150391037755,-1024.6593284416122
1497.7385202680275,-1032.2610840160366
1530.1633654721647,-1017.8405708562709
-1402.3670703293371,921.2802545321209
-1430.0942362174653,950.5380053435948
-245.76686354036497,-438.67916820421976
-1448.264830875067,945.8022923468768
1565.839920520397,-997.2024319811395
-1456.0142287051067,945.7706482981798
1522.5307529053016,-1020.4714655250849
-190.61579983596116,-458.8263922141
1533.6428484670764,-1024.5123924368854
-1446.1356249212483,971.1686587892033
-217.93953111840875,-474.0523975335084
-240.78554096230692,-470.6208830362956
-1415.1147861109127,923.1337518951786
1543.2530288752237,-1017.7379656186259
1489.274090272856,-1009.2300099385028
-260.08980787062086,-483.87113592789103
-1431.6823456206107,945.5706322848123
-194.29401796406802,-457.3296747725743
-1437.3976997698471,917.427791009386
-1448.345716896149,936.3301343859889
-264.42540261761286,-458.19633230259643
-1423.4123290247096,954.750266117189
-1426.0300170021642,973.3828150825484
-265.2468241846187,-464.9741012526555
-1488.862663322444,948.5233061439941
-1436.8903003437542,945.2685344848716
-219.41444309795986,-433.40977466779464
-1456.6973937892228,927.152944607356
-1460.384781944721,959.795615927957
-255.93165641141087,-429.2888650612595
1544.8314169268194,-1015.2110602251572
-1440.088366157067,963.1272838880527
-212.32211454150973,-430.6484665721553
-1417.5046173229011,929.7186151161611
-1424.0367174112212,952.6688363013619
1529.1455939226926,-1015.8459595975804
1500.7467412503759,-1004.6617306416832
-1437.0360052154172,947.6022084769893
-245.48998106614602,-446.64601327572
1569.3251138528572,-1014.5748920751413
1520.5921976375632,-1031.1238076333336
1502.8284163553283,-1005.1644907381199
-187.27883406285582,-434.4294510915322
1550.2378450101617,-1025.4799993778101
-220.67683309774566,-428.82648381945893
-1430.9891814733915,924.701587333943
1542.7707701353288,-993.6557554974797
-1414.997109383141,969.2293381525276
-243.32690491316455,-448.5642082277325
-1421.5840267083756,964.4762460752574
-246.37641623548907,-464.0939387403028
-1443.5366536810511,949.2759392533517
-233.02316087795333,-457.46310059831416
1575.6013407812989,-1014.4783092927385
-241.97781937347756,-459.3297406756175
1524.9783874389095,-1006.8957307967099
-197.11441353447927,-435.896190456839
1523.8508002092503,-995.6605564814367
1502.3776297135946,-1017.5225351184043
-222.61273381119875,-443.74524472424525
-1445.8530267811009,962.2424933513248
-1453.0880195391594,951.138148538171
1525.8591024220304,-1036.0369429023046
-222.6837856269124,-459.76828754447575
-240.02437576621926,-493.3540417857457
-1443.8810212144529,963.2294863391496
-1458.196022469361,1009.6944787784824
1553.4534992876713,-1016.1321896224061
1520.7107637047075,-1010.0219257765103
1503.563446682537,-1023.0273831453407
-197.28262681909047,-446.54003451612454
-1491.7294153725084,933.7932277383222
1530.4962257374696,-1013.6113648981215
1555.217920824566,-1017.9993643261945
-1442.3735683638226,987.2885763420198
1563.4253593891665,-1015.9902359635471
1510.0658959649988,-1012.7668753077045
1540.8721022723548,-1003.5726189330079
1519.0097203651571,-1015.3721230408867
-1462.1066542095882,923.8720555613907
-1419.6352078987486,931.8620455678204
-235.1550048091556,-454.02686982491485
1544.9595153294608,-1003.7656239958748
1533.3420953019206,-1026.9748747125122
1484.23142318045,-1014.6019098792787
-1435.9964910505269,943.6659332082805
1527.0191726822352,-1018.9095719728103
1561.035340171919,-1017.9947095904232
-1485.9806653490348,965.0003609993677
-220.28937633603073,-487.4317663776026
1512.1800924969077,-1007.8947705928183
-272.22927561902173,-465.3608957111771
-1481.8363760685531,928.3102284863531
-222.4331289228957,-445.92606381515947
-188.02492851065668,-453.217769294265
-252.70322318225732,-449.05747535251083
-221.2667131972317,-460.74082552613345
1543.3892470181063,-1006.4811896619545
1539.8876236627702,-1001.9503529803877
1531.3817211175237,-1013.0833787566213
1483.4321970382432,-1024.8167568886724
1525.4155299177241,-1031.297667697778
1521.986396940688,-1014.1543929750286
-227.1996748110417,-439.05970010246574
1504.7316773688058,-1018.2408490531526
-1466.8388688392406,957.5096452960536
-1440.780487906534,970.2886209270864
1513.2380254453333,-1010.4256199929772
-1489.6440057967416,970.5476393160214
-1377.699115559436,937.895813614522
-1479.3341412957855,931.8152592275748
1529.0181523405502,-1035.0513205720094
-1458.9767786696416,965.2486305039025
-244.2216630239009,-445.63867721682175
1498.5454914160607,-1015.7636776132259
-1473.0290924032533,937.7927538708306
-1445.1509287597944,967.0248651508193
-1451.03081901958,943.2170778743026
1510.1004818950805,-1015.2585608418683
-234.4236112600323,-451.5163665388631
1570.2313935542495,-1010.7292513870021
1517.3462391303178,-1013.5648720407988
-219.27987200374739,-427.59578869829045
1543.8076897569797,-1005.8471418101218
-254.06146830969075,-468.75247361484475
-1460.3092036813068,978.3377720147823
1533.5274913585895,-1029.9490162905106
-224.7861542054789,-442.6362867861856
1554.7044789241695,-1006.296649489801
-214.51567777646284,-450.1044653639763
1566.3924666260898,-1027.7884694061554
-238.74027254692535,-439.07317174138046
1550.75068278406,-1021.68441213324
1525.6770797247311,-1032.4201490539065
1574.7825745580199,-1032.5266965250557
1578.081805892435,-1022.7660168643164
-1447.6919047797453,964.6026442692307
1492.9804095595775,-1019.8931847342338
1520.028809216468,-1015.981882223297
-232.6222815687399,-443.8648091875239
1538.910668135289,-998.7555468486737
-1462.3736312034284,918.9680277877543
-1415.7027318936548,968.6613364384059
-1474.8868053398248,934.2754668604025
1501.7558518590881,-1021.9341469102811
-227.9238535463257,-430.4232271482734
1529.290154649001,-1013.2119240905816
-225.64379438030667,-446.9813350538569
-1450.5529613068757,950.3572655540116
-247.5350422141294,-465.4022418311374
-221.60575861013314,-451.1793783388107
1532.7766135659301,-1007.0490316398128
-1438.5504561396683,952.0626976142996
-217.15784806356848,-419.6931564027163
-1419.2420346509498,951.4964235427487
-1461.5551161460853,957.6579768570118
-1459.9158731996422,958.1021657824379
-1467.5394523331565,939.5625178563573
1523.0698682355624,-1013.662802561556
-209.53552757983246,-449.80552078550414
-1478.6032224508829,946.772538594841
-262.917070407472,-438.96297824917275
-1414.228948492059,931.5845803110068
1538.149241627823,-1012.8610790773675
-1458.4404471574367,944.9341360348692
1544.6541802429892,-1015.547928300989
-1504.6726574900397,964.1403135255264
-267.55932506168836,-459.34778236577716
-241.9130126704563,-422.4483251523899
-241.88270616701234,-437.98628123503283
1530.9351472899034,-1022.6308705085995
-212.06266051304675,-450.3906744750621
1553.8089679196946,-1016.3543236132721
-187.80956049159755,-446.27614938849223
-231.76640598549403,-456.49932973634594
-277.81747479975746,-446.3051655034012
-1437.434680957895,938.4856093820932
-1441.4547755415965,937.9187238949489
-249.49011097464808,-469.44834839393434
-285.210554044636,-442.3645881881214
1611.5165127265707,-1022.2089723610527
-234.83059714885746,-459.73295708882955
1504.8715153455244,-1014.5539986785889
1561.4051474968917,-1019.6386040514751
-300.2892527435392,-453.9518694643941
-1429.4186183446548,924.1629291805507
-1460.9491011111752,960.058432451233
-1463.569417645804,926.9836848595138
-257.8400707619533,-428.1168136713002
1555.729859258702,-1053.7605258147505
-240.40575737574642,-446.08725673831754
1584.0961479476812,-1016.5344393950479
1557.0457207527338,-1012.4989839640966
1533.8086729772483,-1004.7951432839874
-1449.0232178288388,945.0580516537217
1562.8699062680075,-1025.683174376831
1539.4060017288468,-1016.1519781920998
-229.58094935948768,-442.0235316144406
-206.42073395593945,-422.0009772146155
-223.20031598961305,-461.3361784111082
-1460.7621965129888,955.6493187698986
1551.151282959402,-1023.011263448921
-172.41635907294523,-447.0931105374264
1556.748858508059,-992.2477159131802
-195.51155385317963,-442.02533154234027
-250.73532433783123,-468.96533453136755
-256.37921914714923,-429.17260580986033
1518.1958378544537,-1008.0900928693591
-1444.41878682872,968.6211732600216
-220.32022869358863,-452.8556717704246
1499.05064507612,-1021.065606537625
-1441.7959864766874,946.1236765096841
-1442.063930109845,972.3155691088093
-1445.5719012480304,948.72604728103
-207.48899899105848,-436.0685708901638
-1451.7648596119,925.1070671728384
-1471.3925156252808,966.7172161206034
1523.8240504803819,-1021.1330680139624
-292.51789446548736,-452.609941240861
-267.74348391029054,-443.76482413768196
-1428.3582562024435,947.5793108509188
-247.07581380968603,-444.4164870552048
-1411.9715373099448,950.7630043551212
1537.55498345505,-1017.7385672312373
-183.25995657133095,-445.6213024139737
-1430.0795066168569,929.2062747489244
-1512.8044763420098,931.0625945487898
-1481.440866813308,929.9997936256692
-216.50031824584386,-442.91794182517367
-243.79688558036614,-435.0686459165037
-1427.93928562569,923.259210647331
1521.1324233111332,-1024.0405686119816
-234.9866568364353,-434.5145036364038
1565.6348953201575,-1007.3746356165007
1547.2641702293581,-1020.5493103491273
-263.3832925438026,-436.0129338712188
-243.4497057985917,-443.175635896261
-227.25595471786946,-426.7967905141587
-171.4992535386711,-449.90242420171444
-236.46035799787217,-443.5847890192688
-226.07845127972098,-459.42777294258804
1544.6605431134765,-1026.9421878778858
-224.65475130704422,-444.11101585825213
-262.4782135366499,-464.27289801354584
1537.3294280077478,-1014.8994442782564
-1425.8638170890615,931.4687964024323
-1462.999596627986,935.219070528254
-182.4655179442666,-449.6783772080427
1482.9065555522793,-1020.6988518450107
1507.2131121729274,-1013.9282196269279
-1388.2861674302728,981.524281012903
-225.6319876068136,-412.08152620704215
-247.2519678517525,-454.81738571413797
1564.9138139452675,-1021.6782576270917
-263.18974087809886,-425.32938146536134
-1419.6391234807245,918.5698895475009
-233.4216650296786,-422.47979512149107
1553.1756926951336,-1010.2095744362113
-238.928998863149,-440.24323532572964
1532.9625593027786,-1013.2135730716102
-1455.8214697534777,952.0675430999393
-250.80960688552992,-459.97872299829635
1536.5849144361982,-999.7348615703575
-1474.2876862210608,974.2049324481399
-1450.3275551075646,938.8253604267901
1563.4995765039348,-1024.7344156195877
-1440.36289537093,921.451340674517
-239.7062309762838,-448.4004305806373
-228.67246280984884,-453.8585958395654
1532.769807553033,-1013.8773286097768
-234.42788579606184,-469.1621866220726
-207.83825841568003,-450.0162811989595
-265.1570152046566,-449.6981506594519
-1467.1553765737617,930.3922006363701
-1475.5635031082113,942.8324244100189
-247.8141525713443,-449.53713773928547
-229.5734046760191,-483.1096328283248
-274.34444752261084,-452.64353280472477
-224.70547749210044,-447.1469330948931
-1414.9818874442515,957.7356784399512
-215.2625115127082,-441.4487239024086
-238.86595916524385,-461.48599457186407
-1450.40680557836,931.3891529070222
1567.5319678739309,-1009.4061416338476
-201.5985922810857,-466.2571424895569
-1449.2217008726466,944.6831388868279
-170.91914269347603,-434.53466381123724
-229.23645339317926,-430.4664450564883
-227.6226319449408,-441.4898077800021
-1397.02352886408,948.0201933029538
1528.343604770267,-1013.9593661625759
1623.2145124177152,-1021.6431151797657
1553.783262359473,-1007.6679901727447
-271.577501777289,-439.44570868444663
-232.73559704476568,-429.1145597595172
1553.415825381099,-1011.325585634516
-1497.5368490070168,950.6778839926629
-1459.3396471878718,934.8803721837777
-1499.4301368212766,933.7773111755436
-265.8803404337934,-465.17944439294666
1581.8016360195795,-1012.7006741736676
-272.2580758333575,-460.4280205656967
1533.9489792632137,-1021.4637395327958
1509.9371189902122,-1008.1131924646754
1582.407162419776,-998.059226012304
-212.29746459787336,-446.41653867017465
1535.1966213837206,-1021.061640643266
1522.3828471984655,-1011.6989056886586
-1489.400434209647,941.6150405322134
-237.71799424407595,-486.0173722738555
1544.4323415183483,-1025.3895646172746
1571.7587187953122,-1015.2539796312699
-1469.7665163322126,956.6389816552226
1555.5352864045726,-1034.03428733094
-279.160924814107,-427.86335986655183
-244.8624305714575,-442.01384209276256
-271.2546517556687,-460.71204016832235
1547.749514328693,-1010.4927754095975
-1436.471116486935,967.2676760590156
-280.80253069085353,-446.1226954690489
-1417.5593499312022,934.822670922252
-223.21154803731633,-466.75574064807927
-220.0716411974994,-429.4651668074981
-210.85971529343004,-455.6063459104563
-244.33785656458585,-435.52234804841237
1558.8256524439291,-998.6097226551267
1567.8402970245747,-1017.693704585587
1544.2043564642374,-1001.0912011893964
-222.4270822168495,-445.85852573719507
-259.25285652078355,-466.667316811891
1509.8031323181285,-1035.6615647611616
-183.53263192535638,-459.8556145602132
-1429.4100581733328,923.8707898319245
-1400.2135910700215,928.1443825684435
1534.1371578390751,-1012.1611228072264
-216.98524496222987,-451.98011329476344
-1461.096922660338,954.6485727666682
1543.8394152516366,-1018.166512122525
-1452.078278964329,956.6683958496026
1558.1375427185446,-1009.8122689837592
-211.7356843903721,-448.71244975996603
1559.1691874915118,-1007.2227837783074
1545.300619767592,-1027.3646227314869
1542.4538317476201,-1015.8103810643237
1571.1051678003025,-1012.7115032125234
-253.95611246519275,-467.6393816326239
-1458.9462641840503,949.3445316599192
-258.9219113763619,-424.24968304591755
-240.50942027183993,-431.2803791739839
-229.9532166080231,-477.1383804889965
1494.3879431606713,-1015.878509400376
-1478.4923430399115,931.1679458807126
1561.6002047711324,-1026.29911625133
-1432.8161692726487,942.055860068029
-227.1300446175067,-474.04690349283396
-1476.3874678341672,900.8350198279664
-1443.2283263752752,962.2627948432369
-1472.989640212161,944.3626623859307
-1485.7084472683355,946.9666280202199
-223.39345431343935,-437.7703336304022
-1456.0785743453507,975.4355835245616
-1421.3699537008567,957.6486867041883
1524.8677881928415,-1002.1178360717565
-1437.0186657265574,951.4493114688637
-1418.7652063537566,933.825004820938
1513.9021339544297,-1018.0806876892949
1552.9784409067533,-1010.8914947002438
-1454.4022457195085,974.5103106492932
-1431.7793001756474,978.0281477982444
1473.725380688972,-1005.1818556463934
1516.2266225004544,-1014.8658048421167
-234.90935206465062,-451.3022208217505
-216.0016029087124,-490.2898878337082
-250.3359065155933,-427.686957481622
-1411.9509305192976,962.2013152717717
-227.3957342761921,-458.10536182166527
-237.02083688813443,-476.0931728024009
-1452.1035830094754,933.5779133199384
-1447.028190639256,935.0175897472168
-1425.4048926768435,933.8301749176292
-1417.2209827263036,950.6861113832248
-1444.662847271123,955.1372782826058
-1475.039334267394,981.5961155742606
-198.77462299040073,-460.8844568113214
-260.13251662227,-434.7477042963572
1573.8882821469947,-1007.2734338080336
1524.8668039918991,-1017.9461544498196
-1410.2625390210183,935.2144581720198
-1448.475455042003,962.3379050290127
-1478.8903209935784,931.9976589191442
1553.4286109500124,-1011.5349389639182
1503.1633840533696,-1019.6860284134216
-1456.6925067888155,965.0756680118948
1503.420934231936,-1014.7895487433278
-1438.3582490988954,949.0969716644925
-1411.1916573138467,934.3641497459892
1527.8831930461145,-1013.5061538431204
-1406.756801323916,940.7158996739842
-250.59827437818515,-424.62865689298405
-232.38683972273154,-463.3332649069923
-1474.548644375917,954.9497051507653
1553.5331024950297,-1019.3750251705761
-212.59432002877048,-457.6552067036932
-243.828255888253,-442.8720345556246
1581.868808546964,-1019.1498978967923
1503.1886675630255,-1019.2122427218782
1522.2906481386958,-1015.1838519345403
-1484.0667361917585,948.661819008962
-1415.1626148909768,969.116453013359
1505.807594338917,-1024.457694387266
-257.6885518820474,-465.94612310554044
-260.5097169510275,-442.9400130909082
-214.1763223520402,-441.2455390183768
-234.60493068173187,-427.64271923479777
-215.85542450065483,-456.1813026755604
-252.83678909747383,-445.6670217848671
1557.2338556886316,-992.4784825093395
-1488.3718547580318,964.9963183335789
1567.0071458614273,-1022.7541926330916
1522.5302219553782,-1007.1193851067411
-207.9129253607076,-448.4476471239318
1483.3790718213693,-1032.251274864973
-209.5675754589553,-434.72906065530225
-1452.0083978273417,945.583984521703
-1415.4567905730707,941.1797942662043
-1466.471325287659,962.0466636733253
1604.0239034380093,-1017.6232426015541
1527.9635065459313,-1011.0985064069267
-1431.467156074928,968.2472935288819
-1487.9634378871483,939.1336900369843
1523.6315815069306,-986.1358691410446
1536.8575407959236,-1017.7927147730609
-177.97226314038556,-430.1560496108204
1512.8058648733404,-1013.7698401492435
-247.7852799539173,-441.87261766247013
-1420.3525518156782,943.0146601103258
-1440.1584397339502,978.8951988677804
-196.60309773199484,-465.63417092059154
-230.76474287513008,-408.63567163896556
-227.06497193465734,-483.6946863946154
1498.2180730273194,-1011.840828898526
1540.452812733625,-1024.8724979450517
-1432.3910788406092,947.1359763678843
1525.4331726493472,-1015.1624247221716
-1467.9277855421421,934.883216984462
1559.5015603720676,-1012.4618013703446
1551.9107174607161,-995.5582603827081
-211.26989123124446,-454.5932188445228
1536.9187103531776,-1025.1416732270964
-228.60868315043973,-455.26763405194964
1565.6981137147523,-1002.8293421676368
-220.62927660936217,-450.09065887570813
1522.7761827528998,-1016.3595450015732
-206.9293935649847,-420.7279478696149
1555.3128339375628,-1027.8105957034836
1554.1805038497946,-1024.2089011601963
-1441.8134274699648,980.8410910263767
1531.6083855796342,-1022.6034960788778
-219.48945157314535,-449.78633287483626
-1460.3350305453105,936.0266052121955
-211.5003279694402,-461.62928200680085
1500.627438569476,-1012.8077258025443
1550.9255972444141,-1018.3470815275439
-229.67100307264266,-460.42748766133417
-230.56493307777896,-458.43549260473276
1569.605394394983,-1002.2800654889951
-1461.4065696193531,926.7871298937481
-1449.3093670004541,934.3803639469362
1543.1442124021357,-1011.4902716485693
1509.902941535605,-1005.4029296394034
1520.3716947900118,-1021.2791675693967
-1472.104224571461,946.2857181544177
1552.444328948243,-1024.1248536107898
-1439.0292760072318,960.9193743531192
1578.7816834338748,-1018.093176651155
1542.0878904576443,-999.0644838525551
-221.0671178144058,-446.82073227100557
-229.93314463166863,-463.2382997611828
-216.81346592846427,-456.6455726310277
-1414.8084356893164,968.5127043421986
-251.81881989980565,-433.64247054748216
-1456.0894914439325,968.8358284075931
1555.46691308602,-996.0353208054196
1567.5511243763128,-1019.2333965934386
-242.09823548812847,-444.080915605061
-236.3863226649494,-437.43651976662443
-1465.8097862815569,939.6141057249067
1556.885321360904,-1011.1241946861172
-1431.9865062188503,948.781871011756
-1436.2289411990791,938.3548568400724
-1446.3410535857308,929.2195239667642
-1446.6775670347185,946.6903508336452
1503.2913796243774,-1020.453787298635
-252.5018921750355,-425.48461264091503
-1421.590910550392,940.2329608847008
-1427.1316363885705,964.462874332727
-203.86346626829615,-449.86781400525854
1525.940285605063,-1014.8660541397453
-1472.5131978726388,942.2978835548105
1536.0851322105036,-1028.1070434700612
1474.7690463326057,-1031.5310885331749
-220.40386633735594,-426.72424685327707
-213.5577654163207,-464.63774048085986
1549.5556812437173,-1007.0523403415476
-203.09709844772883,-472.6772975562357
1534.721148373903,-1022.3749068096015
-238.47857556453957,-444.3624911788233
1499.7018990364477,-1007.9639748030735
1531.8828996885836,-1018.9283507267978
-227.8491620936354,-464.76203182065456
1538.458600876698,-1019.279878053762
-1454.531113705283,936.8184433464421
-253.97360538829486,-457.25449642629076
-221.10893382012839,-436.24763282982525
-242.8555181044704,-423.0234214631369
-1485.5958869868493,927.9026925258937
-1434.030738111072,977.6163036878743
1540.004349889879,-1005.4995510741088
-1468.0904500475863,957.6827737189197
-272.52130762035176,-435.3263857184165
1485.3941317083904,-1033.1011284220435
1554.394155997716,-1002.4939066882823
-198.31180781781023,-455.14122897451125
-221.1097153562727,-468.0177018995235
-1482.998994584603,966.8877899392361
-1481.6971610377745,956.4016338444477
-213.56915952019654,-462.9043386023521
-245.3523816558877,-453.84185840310136
-232.6559292036793,-463.08468478386084
1529.4496579513132,-1019.3122061194522
-1464.8042328820154,971.2189747190562
1543.2645289029801,-1034.0474371232717
-238.77789179237828,-458.36713283184093
-1469.0693067820187,972.1350776143643
1513.6434627207454,-1008.3559609970825
1534.6207347496738,-1004.3032779174086
-209.0148844432735,-447.2517464287864
1582.3769455822621,-1012.6121340651068
-1451.76014039304,948.5983736120432
1546.2816467806829,-1025.1900030619756
-269.3346842230637,-459.10568711290415
-223.2239728451325,-436.91606661946986
1535.1772897961441,-1024.8277481360633
1553.1863954509436,-1011.6202915312599
-1482.1377292469404,928.350167843967
-1404.2526924454885,947.4517981546662
1563.6791922913837,-1015.3010222684444
-1441.092060327073,950.3220112265277
-203.71317856788147,-469.2706576585491
-176.9821039913907,-429.0427211487409
-1442.5428722126712,935.4976189860524
1535.358888940756,-1022.9082713096843
-1476.8644467001454,925.9923098505656
-214.2036604313911,-423.0516858018855
-264.1346049529381,-474.41758130712697
-1444.0724024310034,943.6609644658882
-299.39613414312566,-471.3026285886849
-248.01978550985623,-441.26493731136975
-1424.7091390618054,926.6439777931616
-1444.8131728000267,930.3084572720559
1566.2491759418663,-1018.2660457253106
1527.8263117040003,-1002.8526960580419
-1451.2612928517597,953.3021446347751
1568.428127933994,-1018.7670067712426
-1477.9790873475108,936.5346717577107
-232.19297030184708,-452.1056986023622
-220.00385758866074,-429.8123522197691
-226.7790306855067,-445.54491450596504
-1486.9593606200133,945.0074332046293
-251.2438163085567,-428.5043897637116
-211.0340773059822,-457.32515382871424
1541.7674438546396,-1020.9476464834879
1513.238345395679,-1001.4836827389552
1572.0263394841656,-1025.1137583488476
-1472.0088913411985,960.1463147593216
-290.26846440747573,-447.2011393588791
1541.9153351153113,-1008.1441274428256
-202.6687780614976,-433.0456591479613
1507.6700935044105,-1009.486636338528
-252.93745825843297,-448.93609655773344
1510.2320107282364,-1010.5855772262381
1581.6785793133101,-1006.18620967843
-1430.2321458418248,939.5185997642513
-1405.7133955804534,931.9377430900827
1575.013633430328,-1009.8988004061891
-202.83369730901475,-441.98260456543727
-250.13204125024467,-433.2381870176773
-190.54544927361152,-445.6485842453421
-224.27662565371418,-458.0671526878958
-212.9303194217455,-462.54889157019534
1508.0180972822359,-1033.553500059363
-217.63900733649362,-462.3531327009569
-249.68338141157278,-443.64801556410623
-214.2755560691228,-439.4585138227901
-1419.2486290522345,912.8451968864574
-235.48221682230707,-463.4523897529831
-1412.7482545100197,914.110290169611
1545.2353823877115,-1016.4420758251766
1540.9359569688327,-999.3374535524185
-1470.6866019914137,981.011246630151
-253.65782047853673,-477.9517968496057
-1487.709863034766,926.8127761573193
-215.49193956000852,-458.8852988661496
-1489.3303319496388,938.7368182476387
-1433.0283680336101,938.2312725075893
-243.99680071099436,-443.9119151530277
-288.2764173551122,-429.051478979368
-269.56743718063706,-444.91349715132816
1551.1512150872122,-1026.300913154151
1514.950381484342,-1017.5919873686747
-223.8758417176635,-431.9092691478074
1519.5572710104325,-1037.9031321269401
1532.8168064156648,-1012.5317726462233
-231.86091331469115,-462.3953182494279
1538.248925255162,-1019.309692665569
1535.6334315646152,-1017.8425649518088
-256.8768691040947,-465.9730620670946
1533.3241881733222,-990.8056827000178
1548.0281226711768,-1026.747209704162
-1431.6697362693724,942.3051998402365
1539.2638795751923,-1021.7323017924896
-1457.87471954755,972.5804345805134
-1502.8269490725518,969.3562930373134
1547.9116798882612,-1015.4239991555771
1547.8600329626056,-1016.7794076832669
-239.211884981335,-454.89527950544624
-217.01049704771614,-448.91046812847134
-245.754349243065,-451.79174061412857
-1489.9413348378814,933.2201819678673
-238.51184179816232,-457.6314371305402
-224.94452780165167,-446.96864482027934
-1423.4676812358807,952.1907693076543
-1466.2230546153833,964.5573078199461
1553.6646899726634,-1015.6206376703053
-200.49663488277372,-433.645556980412
-219.62506382740202,-477.1850351289759
-244.32547049862868,-459.434103405055
1546.5826932081816,-1008.3137034353327
-1441.8170355133475,946.1815058115491
-1430.2644959526776,965.5532031431092
-220.51316262455202,-438.823944576674
-1417.046993591223,929.8881315362544
1527.0077865230376,-1013.9851715966337
1502.3623774677255,-1005.7179332951098
1566.3344656638437,-1033.7353489825484
1533.3540641640943,-1015.7841577708668
1554.8628318109863,-1018.0442255968715
-223.37569716493843,-460.8075339351154
-208.89613720978159,-427.14666854935024
-1417.228491335615,987.0605395574438
1546.1129448948766,-1029.0499125889346
-206.1619273773024,-446.49911590315145
1517.3143994826733,-1013.0965211621469
1562.7988163531109,-1004.7994503837563
-1461.692012801867,966.1196971877096
-224.3658249873991,-482.9984851258753
-1432.9494030901428,928.3410636799352
1566.436860333473,-1013.5431721123849
-181.32316752090475,-466.83199497896254
-262.7781602632673,-453.1589984122238
1510.633133687627,-1014.4037474753341
-1436.8623386366544,955.6070347741951
-257.64109797019046,-431.73289493604966
-1444.0342460960956,955.4202639528578
1513.520651633796,-1008.668381621351
1540.305131162141,-1019.252823778865
-213.82140422115936,-466.67996488093064
-232.08650422820727,-470.02860338673213
-230.08901649010966,-455.86240147306523
1513.5427990148635,-1022.8140619849294
1516.5108098339044,-1009.8333634296819
1573.2606009359542,-1019.380296943442
1528.0694630110304,-1021.3557664648549
-232.16895782869565,-463.7604006233419
-263.3167726989488,-455.71077031699593
-1502.7873847995206,947.4099575056803
-1455.538982362252,934.7008125100584
-252.80091093610713,-453.3119721658651
-1454.606244580365,959.8895637482983
-1440.5482764737617,945.0471408412864
-1440.690547212303,959.443242747629
-231.1401979070942,-455.01361606462166
-1440.8388638880806,940.3405885311739
1510.5055195994785,-1022.4799855060177
-297.6861154574263,-465.02213249116124
-208.25898853353084,-453.3036379009287
1561.8754736994804,-1027.7073849418837
-1472.7171670275638,959.647701545447
-1458.9783569579572,964.3091724047002
1579.0148753345468,-1016.4464063091577
1570.3994721384831,-1009.4714600082766
-213.4906987168265,-437.46160355897257
-216.87056517341057,-447.15486291565475
-1490.7161425123295,931.8175095502604
1554.9876554991442,-1027.2081872769636
1545.868458965068,-1009.8736533442635
1507.2557687863991,-1024.7446944457524
-229.37927126717813,-453.22221747663497
-1449.685450086024,948.2664111915874
-1435.6661139009377,974.1281669442039
-1437.4094882870186,943.473037252108
-1412.6856323327172,927.4951199235845
1532.108977565499,-1005.1278896676993
-203.86522133527654,-484.37105880458
-1447.9214271954309,956.8789003934164
1529.727868736123,-1025.8082681314988
1521.4355656838068,-1027.5443349179968
-1480.756082601127,959.1615100448975
1560.519689976059,-1025.2645595614872
-1452.3884208283125,947.7943000552207
-1439.7024046937895,942.4707378708262
-1453.495948386361,910.9276040286043
-244.2143523341879,-439.0726501631039
-225.40584369786325,-471.0710995323478
1550.0779657857229,-1026.6273557341497
-252.08814294681028,-426.2894647476778
-1475.4142527638974,960.5687193862407
-208.39111509663664,-435.8328433823615
-1478.2341707702253,928.1646583596225
1582.9566577094915,-999.7603765777127
-236.9940549681345,-457.5368528750872
1536.072499498262,-1030.0757191434864
-1491.0107706850627,935.5181308972503
-220.91743612047782,-444.7484454128734
-1416.9469187840793,942.1229078819838
-1415.1803666514413,941.4981689762117
-258.34963156680675,-460.32672605092495
-1469.8862491200243,949.1155143738363
-191.56414032508815,-462.20975398973167
-227.2057352529498,-426.9820546686059
-229.31527887345266,-444.5424964101333
1531.12586438906,-1010.3188500233982
-192.1811484719939,-472.1750559928846
-230.93096399464406,-409.20439632088596
-1455.3903081405922,955.632882954937
1527.4592274864735,-1011.6195798226217
-234.48622069627368,-433.5647505161955
-204.1059507630676,-497.23011189141334
-1436.1991836840211,910.2848826470384
-1449.3366754734736,941.1442405820416
-223.53105826162528,-453.2781928023034
-273.83524848927834,-434.92045660945723
-1487.9586219006806,930.3608305161362
1540.1124222392489,-1014.6110180615859
1498.0437268629046,-1007.4702384958939
1522.4706075048439,-1037.174736868549
-263.2762891457929,-445.4158059027897
1517.5133989662259,-997.8400072362443
-265.0837548707154,-404.40973373274676
-204.70630447698397,-417.6600743982203
-249.8739735006223,-448.20187580828247
1508.3247879886592,-1020.1164920181415
1582.9854906718624,-1005.7438147439659
1540.1755514687893,-1006.707505294096
1573.2456207240402,-1012.0376672685821
-1412.7855863055165,929.2974499294646
-1498.591934430315,950.1458830021953
-1484.4279218026927,960.5773412340567
-1384.4988426206542,952.9143077273853
-234.51696147716822,-457.4918662165638
-1457.9257328547994,973.9438062723384
-1455.7209969144599,956.7366668524152
1526.4591414192225,-1013.776945812596
-1407.9100908058672,967.6063663467381
1545.339173168396,-1018.32290525268
1568.7697879918292,-1016.619988215906
-1464.5987868982395,927.9626183378462
1535.6332735229475,-1021.6287541123838
-1484.2327694720561,958.0272568042366
1551.9352863145884,-1036.4322708937686
-272.8521719684364,-444.1756769022754
-1428.0832102797945,964.9036313450966
1494.458683568667,-1013.9206288207504
-1419.0724366405364,938.8366098035499
-1456.3667308681315,972.7842934455322
-1480.226718116222,950.35410146332
-242.5997874304093,-450.4271668123593
1525.677735370154,-1017.8524733866981
-1416.3924422438404,952.898113864473
-233.46530268805648,-444.5357057458039
1568.3324791773416,-1006.2229262631105
-189.23105626078726,-443.5178433387973
1508.2447572647186,-1011.5682939061292
-237.44055501742895,-439.32094769205355
-1421.0718625926786,960.2337576439655
1534.8934372206309,-1009.6836092766857
-1414.2577640398822,938.6599703978261
-258.98773391253997,-451.90036806832245
1524.137792975391,-1021.0681690536939
1580.4964638842475,-1019.6269119225283
1515.3496789529702,-1030.8381259968742
-1477.5236232828822,925.6471027951603
-1468.5898621542126,945.9632232773988
-1465.632781215459,953.7374722339208
-228.92701631351295,-442.7526786310191
-244.32228279581375,-463.0729355272145
1545.4977651848951,-1014.8963850551297
1540.4253218952608,-1025.7576507512556
-264.6438697975859,-444.15085813649256
1543.0670121584321,-1028.1597334600197
-237.71028125151102,-442.9680835877406
-1479.7524488409247,965.7838784051719
1529.5146890883088,-1014.9571408214371
1541.5997672724786,-1009.5696057296659
-290.0845879577957,-448.37168851726943
-260.55759870324295,-428.25720508862855
-217.1289074937863,-475.04507533848374
1534.7589482746844,-1001.850296370153
-227.21026190676127,-460.42618015909295
1556.663193300873,-1011.029252676468
-1421.8408141804748,964.932501342503
-1474.1250065882273,972.0794586359153
-258.3720790717549,-448.7335447023389
-225.160736259413,-442.51149883105205
1523.7714985032594,-1024.298160190477
-182.88380818567856,-428.52026938119116
-280.72015477579765,-441.93014740206604
-1467.4177022164608,943.12933779951
-248.32922461746753,-435.81869685201957
-170.94004944412836,-453.93120091726274
-204.29852397990325,-452.66841131139944
1534.8787345425337,-1004.1672514495398
1529.5656610956546,-1034.6567691346563
-1495.3911902063064,962.1909386369271
-276.948628920428,-431.10264758008907
-223.39033734761213,-436.723391031629
1563.4486773672666,-1005.3546410138242
-1439.1494750911809,935.3645714637938
-261.0433424432792,-435.8180746521202
-1443.9379042656049,944.9030034669094
-200.27870192823082,-467.614477453629
-1455.4228492927255,925.5678447699662
-242.9518938055592,-455.15158817193145
-246.24340440610632,-476.1653114948436
-1430.914248593678,971.6165643820129
-188.27640890733267,-442.5090140848894
-1473.0675120115852,958.1370208884342
-1466.712522303892,933.0286019415972
-1443.3980795392204,971.4735136864955
1527.5153562265566,-996.0644965828051
-1469.9636434695808,936.7339650711779
-1397.8667361538196,968.270302161375
-222.0280113163558,-441.3749595022116
-253.69501897627777,-430.72496764005945
-1464.9225543328682,937.8789078988226
-234.29558223265337,-443.32915027546915
-270.49809365456014,-437.07953208893565
1514.7241806611767,-1006.2870427159708
-240.6279591094894,-414.15134804024973
1559.0995329609505,-1014.5306391378624
1534.5013426931234,-1012.8668301906706
-211.63761516718844,-438.9190895525371
-1454.8788950270653,958.2900414821008
-1460.4654441617383,929.1010539865218
1538.8318151168214,-1021.7329748041899
-1434.2322332151484,944.7099040258423
1536.7884810134158,-1015.4418765929215
-1410.8903711931318,981.5249648320149
-1458.8870102772346,994.5643322831
1523.5716593566144,-1016.7189110048186
-1428.6152581763822,958.1589048219804
-1438.0736403415196,950.9746970088842
1526.164522159155,-1024.880427925477
-1433.2607599063374,949.7644644912259
-1464.1572942563637,920.6563159185449
-247.6615732648395,-466.72625549131754
1539.2715651641336,-1030.0928593030849
-1463.3444260591389,950.1059978408485
-260.3152868319729,-443.3810913279323
-1433.9116935816476,956.4759306151517
-234.64387989850377,-458.1563520130746
1510.379491963727,-1028.3386049654982
1543.365021804937,-1029.8157228150144
-232.79097099073178,-451.0678050963326
-1470.4382764605543,958.0271521416062
1535.0676392119337,-1016.855370258786
1518.8999605121226,-1017.8376683820003
-238.66878886389446,-467.50452123723886
-227.12394859509803,-438.3872033893044
-1472.221631136081,981.491267179587
-1399.7707141411727,938.1121616888602
-1434.8734216518267,933.2188252267626
-224.70373087576183,-475.2373855406042
1570.4723842005446,-1022.8360975658463
-211.52102059211913,-459.7332064303399
1523.7248607033093,-1028.406447252449
-1451.2152315823582,944.4778508398068
-1419.3151231292995,949.2436036837702
-256.313733034451,-446.8177440885127
1533.789648954485,-1011.8367833571989
-217.3551111975642,-447.7066238699147
-1430.4739413899306,949.9672846844416
1529.1302669199213,-1007.2736893792533
-1460.3204230457056,935.3598203342127
1568.049381646843,-1020.767240806379
1570.0430965767798,-1017.660792093323
-238.94918332312247,-463.333328273992
-1438.9688349717946,938.8157981776131
-1445.1344936514224,951.6067251406763
-1419.1554949913038,936.7664018522534
-1478.5057653447325,976.6611470360618
-236.3852477142945,-453.4261018062664
-1434.936485648333,972.7527544456756
-264.5790054817051,-443.1885380560441
-1431.9373382325507,933.8324017388634
-1451.7192994598922,961.4950154660786
1551.9843052645704,-1012.3279618334316
-1447.551868686024,949.8802009764079
-280.4486287746353,-455.2552971793962
1556.3729476878113,-1022.1830398693118
-259.60631631317705,-445.6121870747385
-1417.7426385248536,984.5559350059807
-1436.1841852542875,955.8247542213733
-1434.1816127534255,949.6876014441556
-191.6257776258962,-449.2649207276258
1503.328203359975,-1024.5122756079136
1542.685933363586,-1023.1330973645423
-1484.3242181853782,951.9532627107632
-235.4253774846499,-482.3987705567171
-1480.5273232350628,955.11393558741
-257.1984933924612,-446.8628610621252
-233.04158546040776,-428.57206327092
-1462.7443098899805,967.5477999406615
-1438.324210728625,921.2499706597891
-236.38254650943736,-438.3242677616032
-1391.9368239791932,923.822858311597
1521.2815232410464,-1010.3664913425774
1559.5102529874364,-1037.8953440612127
-269.20663540518603,-431.4129101176115
-1476.6602311903725,940.0874035077777
1550.9802243055833,-1010.2637068883814
-188.13457755684078,-469.5201304767694
1563.3323406324816,-1010.329288849529
-185.47234721663332,-436.1961170866481
-1441.1273989998865,939.485692317645
-1488.6641510118964,975.1749986147144
-193.78232050632096,-428.05851162716084
-233.56725891899217,-450.66415716129694
-1446.981875498606,951.3644768846971
1539.7452290036442,-1010.8611283319934
1545.4036167132715,-1012.0980441510637
1570.7063877246042,-1028.854511604175
-225.4021532880475,-443.1278726944378
1538.2327062394731,-1032.2296267879633
-1478.047709360351,938.9314114882098
-1419.3460217998647,927.7427986414149
-237.47740813738403,-458.459523097572
-205.0550600483262,-464.4531633970337
-1441.1279970580326,963.7398258779609
1562.296110938743,-1029.1570111715523
-1427.4912757738118,935.0780812587817
-230.60817547680298,-473.6739830923999
1560.138381423905,-1039.3218840447205
1529.759324011611,-1021.613821128238
1573.7459325241614,-1018.1471430552302
-218.20474427035597,-455.570368444339
-254.74073845991873,-446.7777544984289
-201.07832800470922,-469.92619078816847
1528.069458308684,-1013.2625537007735
-1429.3604923602586,966.9612750635664
1549.0334045583738,-1024.6568321268207
-192.40265690863467,-443.35095791655004
1501.2090289029672,-1013.0519216175103
1518.6677138167202,-1032.0590414709504
-1491.9339325434846,933.2815724036883
-1449.462865910786,938.4828218923211
1532.3867861461217,-1024.0865567331698
-233.22016577804325,-464.70135335276075
-1428.5730092293102,953.5826178280763
-1450.5115616232963,939.1681562098422
-230.64089622636865,-431.68291140480136
-1461.911761915211,968.7700303857896
-1406.6135450196334,985.5748119408474
-1444.9653245699344,953.0544439167912
-219.9470723748673,-453.8392791719791
-215.13528568020786,-442.6722790304346
-1468.4087873756062,952.6738075898876
1522.4029100223263,-1011.6309534486358
-262.852180043666,-470.9826322876294
-1447.8700929386355,984.8044525826108
-1451.1975660488406,956.0347412087028
1563.118999278942,-1030.3947516507278
-239.77614866995333,-451.45185075184366
1556.7844711819203,-1019.4791377051388
-220.2905158461674,-456.0462783531115
-1433.5509523439036,952.3701180010607
-201.16783202866932,-442.58764438371816
-189.25108730790237,-428.6753308826042
-204.8228106965431,-445.44582649806347
1580.6698877415581,-1010.4667627136934
1589.1129383383645,-1011.8913154028342
-1455.593807342388,953.2105794059863
-267.3809504377946,-417.80889336903937
-221.0089284277439,-430.30571789364444
-1435.9845578920779,963.9017481199141
-277.7410938117067,-452.09761489226105
1532.1861742298488,-1021.9410455948778
1537.1840319908993,-1027.6189744185212
-1454.7767472457351,939.8862679277141
-206.71176894204137,-442.8529607181526
1578.3112163851315,-1014.6606639082378
1535.4798197674966,-1017.8757370868123
-191.85928483322567,-476.4656990369033
-1489.7220791279458,941.933331241903
-217.951572696792,-425.22763983661207
-1425.8412860476578,922.3753141823879
1522.037577984192,-1007.9989970992833
-211.71212169570333,-463.6235783792457
-261.34938498806173,-447.28899203031665
-1399.5981679131198,908.2394678701352
1519.4601660544402,-1014.8368102514543
-1474.7476006493002,971.9393096375431
-1423.7258487659735,938.0135308033157
-235.9163464832807,-473.376514284174
-234.29664998614027,-434.1454843925088
-1392.081984469403,937.7111510656666
-206.84351507064386,-433.3157356230964
1523.355625763762,-1017.3409482771734
-1466.9773525204155,935.3567404374108
-225.947417950104,-471.6120830269132
1523.987940405991,-1003.4654139433104
-1439.4994690027622,920.1614784392624
-1438.827742245195,956.2357907017564
1540.0069382545346,-1024.3320920344065
-204.7400754552532,-451.8416208879869
-1455.2033343342277,935.8594211522555
1509.0545283074698,-998.307278725033
-222.07845640176586,-455.93044676193784
1527.6361572247206,-1008.4338542069441
-1501.2437280418537,944.4463329079107
-244.36955276092064,-438.3182010616753
1516.0191655843041,-1025.0000567742331
-227.78035518506374,-462.89260789321105
-1457.3824511988503,956.0020279130256
-1464.7577010097325,958.1367497960614
-1408.1170427397806,959.904990337163
1574.4345523868922,-1016.7071197980067
-246.17605388810387,-451.3529036452306
-1469.7028264439032,909.4499722361198
-1455.8973460640577,928.19403885651
-205.01679766061875,-421.67721933006396
-232.98579763023793,-462.7351720588501
1529.8621895934573,-1032.6667093902954
1560.6268382177977,-1019.9892703075488
-1453.4381154464027,973.0118811985386
1522.4464677039878,-1005.374694522889
-1467.4941593742794,919.9842121601381
-1429.7792911624513,948.261883075203
-1394.7345656341151,965.7718995952586
-1436.4518367105445,936.4246602875895
-238.89903540621316,-457.72469606019774
-1411.6363532313371,969.7579589578377
-267.12221599811585,-488.19199886171305
1546.4102310440883,-1035.7279587165938
-271.9324087106821,-467.75105344020767
1522.1919126058497,-1023.051258685329
1514.8612425022247,-1013.722172169982
-1474.8689903248155,939.0032037928157
-255.54771627394555,-450.185590271625
-274.8930234535765,-467.6014343828396
1519.743226333427,-1026.4857257752712
-253.2307635731457,-444.0963459407881
-215.74184255755728,-431.96283853330755
-1457.0570388154042,926.2980574620897
-1425.2896682364546,939.6580883657368
-236.78705585987313,-448.83354422688166
1554.874638380239,-1016.7016727825076
1536.917905971019,-1007.1038790754893
1538.5216812723688,-1024.6179466402582
-1478.2564620955468,968.4856771488318
1508.545798287034,-1007.4076258898601
1544.658000670103,-1020.0791908718342
1550.8188559720866,-1023.2396091713402
-1432.5398128559461,937.3707746753
1549.33696168871,-1015.3756422261253
-1411.2395062011528,944.3891622999835
-228.78225327846675,-488.08841631923354
-239.04700540459498,-465.382926227441
1548.4000523462862,-1016.0380898114901
-260.56049793158724,-482.81410928133386
-1440.9734947547422,947.2884488715105
-1425.443355949472,976.840290682405
-217.89473895645227,-472.71476966743955
-236.65739756285484,-434.3047378618579
-1437.546020562414,929.5053298114187
-265.6139452049761,-470.84125729719
1508.7953464801597,-1006.3330273079123
-1395.0114962315145,944.9587803100515
-251.5092468793001,-436.38755438275905
-1483.5371541790173,954.9528045178596
1551.8158502259723,-1027.7790513135367
-270.979961207192,-434.9521308826546
-235.43552696071973,-462.31084340105406
-1467.4405419032403,956.4770941805305
1542.9879206299563,-1014.4337245911213
-1431.1623516112886,951.6316759473622
1519.4938525976852,-1035.1371730320595
1520.971210199732,-1030.0022697074646
1528.9131933305146,-1011.1766680715309
-266.5065364242382,-460.0478315251798
1482.5084824556852,-1017.2768050812709
1507.1841510386469,-1017.626662785906
-1405.3256509990279,974.6201302559374
-1429.7920447018378,962.966151496846
-225.9657418667217,-461.79077553815324
-269.88377310490006,-462.115472465778
-1460.486078661698,959.5903853729944
-228.03400455620576,-473.86448390242504
-1426.3320646905852,940.220243114333
1546.9785706770824,-1029.2002277653455
-246.6036805345617,-435.70954444013466
1522.7823593054807,-1003.8077694519561
-233.21171156832634,-430.22086716920154
-237.6524027502444,-460.41683936502966
-242.14723162343847,-449.0930546965442
1514.2310126307111,-1015.0356566625818
-1451.8116624672007,967.1947422675671
-228.26092723547788,-474.7245595051715
-229.49602448547904,-432.6097050955276
-1477.7360652781408,962.2313054225964
-1459.6586077058273,967.2022443061545
-1454.5445143981624,955.1385961039834
-1476.1021496408462,958.0543068122621
-222.07683338039413,-453.0036659003895
-1467.7246252447014,922.9778406319062
-1450.2322840911847,935.7882598575807
1566.9693891729432,-1017.3800212072455
1569.4577906550576,-1019.9946867090796
-1422.5351869344136,948.9853105584323
1503.1820138953844,-1015.3433554184637
1549.7107333468723,-1029.8240173220913
-1448.694170244008,942.6892802929924
-242.85709022524767,-441.39491446092694
1562.0436314502078,-1036.7215635356843
-268.4990634116874,-459.30689295450077
-265.7770899981303,-447.5350721009298
-212.31798798576796,-462.018789107688
-1448.171537998463,928.4728682863655
-236.1737212774913,-455.9288566801277
1561.2576732830298,-1015.9837504831372
1520.75668042923,-1025.7877203807893
-264.7304545996515,-444.19317407177704
-218.4686531796316,-481.85425033689353
-239.13619464581217,-470.9392739237736
-213.00964550442305,-446.4955883986912
1566.2309683975272,-1010.7649660245787
-305.85847840195333,-448.11409908714984
1553.965820422905,-1010.9964011373685
1536.99564755571,-1005.1112502654119
1553.650023141677,-1036.1048141084314
1551.0200566567994,-1016.5851661277056
1465.6737576938426,-1036.4586448685088
-251.96796574542344,-455.12710529694385
-1498.7940094989162,921.8793517763706
1562.8456491324625,-1020.232072029986
1559.3766333098756,-1010.7430152659275
-1406.2144982493564,936.6523862726309
1535.573395625801,-1031.41140148467
1551.9439828290122,-1018.4162405140975
1586.208880607358,-1029.9225577458817
-1397.5614804487425,942.2061008821238
1512.7732975948977,-1015.2738670635935
-1430.653539883076,934.7251323626213
-1445.5250971074838,971.7112960286762
-1444.6395427899406,931.5208524996414
1525.5157486097048,-1013.4905849153545
-249.7991983727876,-444.72995993828386
-237.65800830481285,-464.84234884676033
-1422.465514664641,962.4171102937314
1494.2085281953396,-1033.9623572727896
-196.5827142571692,-420.85598532651676
-197.44493374514764,-470.275425457674
-1425.4363102909851,923.5158202730778
1556.866230325186,-1029.09794337229
-246.47353915540808,-439.677324092815
1546.1064232323495,-996.6391676193668
-248.6060496761547,-465.464191790386
-255.72528105363702,-418.50820795337165
-247.7633584071851,-454.2729993493392
1574.8926343766482,-1027.4217636996839
-1508.366389238552,935.9134606093347
-1462.9778356539653,925.902726588577
1553.8342474103945,-1005.1577224567474
-1459.7709115497394,937.9432148575875
-219.6064191397523,-449.6785001154682
-1425.9027723136965,925.4477426757142
-221.23300409269248,-455.97844425338496
-223.10338534285782,-456.7953012474333
-1452.7512715365792,930.7836679047683
-250.5898852471633,-439.2525837801019
-1432.9443004297227,953.9499930645035
-225.22125102146853,-470.80035512948893
1485.2018209812102,-1042.9617134938242
-272.6739894580581,-468.8138211518151
-261.8708271463624,-474.72890976338624
-1414.1979142040016,956.8090040252619
-1461.555975413299,981.5405830545618
1560.6326103799706,-1014.3993499176996
-233.89067325996078,-457.45607361253735
-222.42833665404746,-455.6254417337047
-249.40637467713304,-466.2879766384924
-1432.5472464789661,948.9192804930226
1546.1894073981969,-1013.5994338738159
-1461.4191786433657,949.9355910983782
1539.9166971691511,-1019.7857380384993
1558.6627958133304,-1011.5833084729984
-200.52756052898903,-450.42951756763273
-259.4736599393803,-446.67258578966465
1560.1522892184282,-1016.334802958777
-272.21780529203005,-433.676733595508
1521.6613200766449,-1020.923833162121
-192.0358186747324,-433.12298521796026
1499.1318118116296,-1017.9654485064407
-183.93137025251337,-444.9373410958221
1535.6043821582703,-1024.2894125226235
-209.01061081519637,-438.56908024348826
-1433.041693255974,985.1693355178983
1563.365268601907,-1010.5451192816986
-1424.676426493565,949.1420992501752
-211.1790835095414,-451.4418485365265
1535.3843101469292,-1024.5654713878391
1532.7172567921152,-1021.3405498278598
1528.1107242704747,-1030.823106393876
-1421.0869192837267,927.7828293150561
-1472.156803441717,894.5472853102357
-222.1336800403634,-411.4431030247759
1572.3724391562005,-1031.6072522649263
-232.19204464354405,-459.78941176552047
-222.8157486627706,-463.3447467419581
-1478.1363997159715,948.3351360304475
-1447.9986754085814,946.8513062439582
-218.40113718519532,-466.30793867437563
1541.9007371684165,-1019.444245587909
-236.81051608493607,-432.6617703147628
1551.7318491101978,-1010.6451178105075
-236.61177339618797,-463.2215422983993
-208.12544409036204,-442.86608358113625
-1426.6447438662426,939.239198904648
-181.02558402672292,-463.33597236167356
-251.21550126737006,-446.838754939713
-1447.7376892270618,934.780241165779
1520.7610835263583,-1022.2651145057434
-1444.3578028574827,960.8312482195662
1583.3705582748426,-1005.4558627179207
1542.875783950398,-1018.3921702019069
-236.14474337461596,-443.38692705060043
-1457.7408083301746,962.4535210626208
1530.5369142924899,-1021.195211459606
1522.1731455764107,-991.82731360672
1567.6566844581891,-1026.3001533338277
-230.10531136783797,-432.11426011246886
1531.8210978744441,-1004.2588886903692
1542.651342194218,-1006.9829386575486
-239.8710031812855,-434.3745284588333
-216.0522392127405,-441.70858976516087
-212.7336997208262,-472.942322832703
1489.079295071506,-1016.895256677128
-256.1482295284925,-433.85722755910695
-1484.0259356211393,972.812651648011
-239.9357297414359,-438.1791991308092
-1435.8387291384513,971.4933754100788
-1447.6235159347768,955.922745981145
-1438.5870808739749,974.4198902551216
-1467.3240714962876,948.1099803947936
-1509.7531083194067,954.6292222159611
-1427.365362712139,945.8799734634568
-274.9340365857998,-479.66642649759626
-227.5455135609302,-435.48980052038377
-210.41647664825246,-439.6029771638607
-235.10543458839786,-459.6675201589429
-247.53178172859518,-471.0282687247889
-209.75609111900854,-465.3629004977304
1553.6644518539883,-1014.1186750340378
-196.97959906239356,-430.37079208255784
1541.4088524452084,-1009.7524675771674
-258.4253728830599,-464.7086829973821
1535.0807713695574,-1013.3483639883665
-221.68958914881142,-440.869982970792
1575.6043871123725,-1006.4753498269041
-1478.5510547593328,928.4641826982288
-1373.4881204370613,951.256871692536
-214.35205497082316,-438.9648771991096
-1437.1037755029254,922.829747487204
-1460.4046327520844,939.9155625636777
1519.7948446140288,-1014.7743848291756
-220.92870750549872,-473.917121575577
1518.4144483839175,-1004.710761496855
1541.8166422842726,-1010.3998718849307
1568.2055484978728,-1017.6775504046267
-249.5341685619987,-460.50539420637284
-1456.1657913795389,940.2184641708734
-1427.7408363277962,943.6313857272277
-245.55499492354616,-458.27131760613855
1517.4576275879303,-1016.633298596196
-251.22894461425105,-458.8551549173583
1497.787094370738,-1031.7739136739797
-1452.7625003685207,958.9630651008725
-209.66540224759797,-443.4203017187779
-1452.5854737213858,942.1574506261541
-1456.9052883685677,941.4984594621801
-1446.955886175425,953.7952185542026
-232.78918412588385,-459.0559891189525
1507.701645239522,-1004.3628226191319
1501.7521453380566,-1023.2351676870512
-1445.8190646301962,947.0999006907912
-1459.7868731145386,928.4110640764932
-1442.366522621845,949.4808477373057
-228.48426925964742,-450.0898772578817
-1474.991912995342,949.6652309606808
1562.0988995184546,-1034.5903671972642
1544.8564179683285,-1006.6130269219017
-251.6021246930207,-474.2117808487907
1552.932488739269,-1019.0251951546653
1570.1612551780395,-1028.5928476493768
1530.8568032024527,-1015.8202281606057
-225.9701613741089,-429.0319419038832
-182.43724638745613,-470.148858067382
1490.9247264536953,-1027.2487750208265
-1423.6073646860857,961.7786917932171
-1435.1418722119677,979.4491724107497
-1483.0034468923566,943.5173183662132
-228.61607833366162,-470.8423875289768
-1456.0324627889381,970.4365402571682
-220.27308142036503,-474.308787990871
-281.95461520682784,-437.47258387967804
-1447.1767207383427,979.4316256605221
-239.1103315000646,-419.2782252062901
-248.8902235552896,-439.8780174507881
-1433.3543103460497,944.1228702500371
-1448.9138939898262,951.13990186696
-1444.4640458630652,970.7583144956493
-226.6983965422538,-446.40769537417606
-1476.9661804617988,925.4776360303571
1521.1974762215184,-1018.3506376691438
-223.903149968177,-439.3441754861138
1514.3390083308873,-993.8486332500088
-1401.458461606369,951.5708792951737
-241.99264141542562,-442.19091595357463
-1469.4779992182291,946.2614865938311
1553.985087864903,-1029.9907309691782
1516.3996621658928,-1014.4548697671632
-214.15576751126736,-438.9264874210319
1457.694342851969,-1000.9619334744274
-260.56140849908473,-458.56685897863696
1541.5382606046871,-1009.7477493017797
-1418.073525410831,945.7234116526604
-1459.946433318341,944.7227394674301
1523.5259432293437,-1013.659319203388
1552.8058088251403,-1030.744180221776
-1411.038650761853,985.2892537622795
-1448.1049980818184,943.7247690338389
-1433.7376739872082,941.3885146864328
-1455.1287541646655,937.8839916083273
1554.4541554338423,-1017.3269797574371
-248.45479888874618,-459.13433758224755
-218.7228963373589,-454.10135693653825
-1468.6922408642038,963.5965478568664
1538.367759957652,-1015.3473911885656
-242.89951477105305,-452.32641413155386
-210.18827756570857,-416.5455919789697
-1417.3324501486948,951.2452407254465
1531.1814252355725,-996.8780516562772
-1472.6438458155048,944.8364732522771
-1446.6750583046046,946.6954997365881
-253.41073174170535,-470.27627125547775
-1494.7968509787502,963.1681430505796
1553.5441634403776,-1016.5508926782999
-1499.5347399924374,956.9154363079198
-255.9027414381804,-444.5153713346762
1538.6643692046234,-1009.6718800930558
-270.678389851592,-473.4001908450597
-230.6633336871794,-452.1390782037695
1553.2854336002447,-1027.753331691268
-224.88582959203836,-452.4370475703972
-1451.3843452096546,955.46704621196
1561.1736302934548,-1024.5215799298574
-244.17360854598485,-408.24871858188175
-1468.0972546740306,941.3943312926267
-1434.7527290788496,955.102778501679
1554.8034785512418,-1014.1739377714429
-234.33447827287551,-423.77350053417814
-1484.8551744554768,954.1611716037909
1513.4561214193202,-1015.4785735640816
1555.7677035544873,-1010.2143688172927
-240.93922221114053,-419.98193240370307
-1471.418596223329,950.6698091823915
-237.71400926360138,-476.9112571784196
1552.940239897702,-1008.1716196652987
1568.2892429671613,-1019.704432604381
-1459.3230769206543,968.0085982787998
1517.8727061263062,-1013.7985685873601
-240.2631119265425,-434.46891588903486
1504.8699672116938,-1023.9156152549205
-232.89534238469827,-475.33557652208845
-266.61382648517554,-432.62627106396565
-245.37204012244078,-419.7277755128307
1512.3876550107525,-1022.7942593146123
-227.66610818394423,-433.24084466319755
1548.181081897376,-1021.040465267038
-1442.2027155333203,961.4299443116472
-1451.217549875366,972.2576430560516
-1474.8695786124101,937.5405647231045
-1521.5029877718919,944.4638735734493
-232.86179738989605,-384.99969831754424
-1435.2209321636096,942.6793033962995
-1455.8090892336324,940.3658234307702
-220.7244754361136,-430.3580180922356
-221.95502286731517,-472.48101706447653
-236.4023009461683,-448.43178856468217
-1472.2575093795383,951.7505308554929
1557.2521938357554,-1003.4446384745178
-235.7954108391303,-440.6969156660723
-1433.4059631039652,937.2279095181108
1535.802305325662,-994.0801153699404
-1442.5177864839068,936.185676276859
-1453.72963607297,918.6096985903527
-1457.480557195372,955.1934459006453
-200.09629568037124,-443.89908898629244
-1459.1119093560985,968.6503941194102
-236.55642098010156,-462.38296877241396
-1468.5904225191075,949.5612242973411
-238.84951812860294,-446.8769613500548
-1460.9426302372658,917.2102845778223
-254.8209015570044,-440.86469071492434
-1460.7516124591748,930.4813617650436
-264.3221851137647,-441.1276298928728
-288.22828954115755,-468.75817064428736
-208.13788185885443,-441.4410684228249
1542.2622934546243,-1031.3414322339765
-212.8075451749972,-429.14778486358426
-272.16364788701725,-493.55898066602884
-240.9094640023517,-437.53500109002124
-1432.1001188309162,952.7635794249256
-1498.5457314573282,950.5066788810665
1547.2399309363136,-1034.3909145104326
-262.6674676017307,-451.3220933243094
-1490.8365137326327,933.5410417165155
-1485.0006930842417,944.9465607185119
-1464.4504914406818,934.9661559081144
-270.3060890235075,-469.4730569098046
1547.9772303301536,-1015.6424284980988
-1439.7444308705026,965.8981419374439
-1496.7371515446187,914.0581287965674
-1427.0303338033364,968.948788309554
-1451.3804267174644,945.2708885586903
-261.8129140352972,-450.6257679119821
-1390.1629455216444,957.656995138977
1504.198388264018,-1019.3041632658333
-218.70523890591608,-461.9858964532925
1550.5055308973522,-1023.9996891354182
-1437.312142656732,969.317742574489
1540.8236322990786,-1028.6499394301957
-1463.415812916396,957.5785357393455
-1490.8965055996853,957.5657109252181
-1418.7988178927415,942.0999474877608
-269.83731977833656,-452.8208538758436
1552.5828587123665,-1016.5468555429223
-224.80005608225693,-460.65504228949897
1544.583607013138,-1014.5639006160854
1521.807560455463,-1013.885860755313
1565.2152290378958,-1026.5943192018103
-1469.9184621582149,928.6101640657583
1528.711743021764,-999.1748487605175
-211.35543592753035,-470.7892186870516
-203.3269193508187,-417.50976064553186
-1452.9791217376296,943.628065513355
-1448.020832366547,928.7223708580296
-1472.0986343120169,962.189195309168
-1435.7541795085972,959.7080888399886
1538.2023719380481,-1018.6954295085519
-1453.9802223638426,948.2483395007681
1527.7469354450532,-1018.7541271507299
-1461.4216325009722,944.3630669318721
-266.48095160600724,-423.9465685850442
-1457.0077477946913,945.8660654474991
-1484.9668344089343,957.0866116489714
1586.0199820728772,-1018.0967052902644
-227.02300368239943,-464.30303948231955
-1465.464663120368,972.6398303258487
-1432.1245842230574,961.24123180333
-1418.8418603872574,949.2779024333673
-246.28589253747236,-461.11022020245
-204.29856814702725,-448.1285753913359
-1450.1364852251552,976.8745441509598
1546.823565523993,-1004.7550135191175
-1415.6891717464264,991.316312567475
1578.4747778607018,-1024.5806525080839
-237.60295085727756,-448.3933982063196
1574.2175772061019,-1020.0012768607323
1528.6838955831442,-1013.4865325853458
-196.7608051678535,-484.715220662986
-1456.5752279533426,955.5271966744659
1516.4305050998119,-1002.0188011733135
-235.52978669209895,-451.7947877682809
1514.858623869872,-1024.6343475905662
-281.7654693099106,-459.7816361066153
-1428.1858004241901,958.3423394743854
-1496.0386530478577,952.6768793459013
-224.99862387892,-442.17156068424015
-1490.8963787426715,963.0988072098588
-1390.5479981559927,946.9350610663034
1527.709878568923,-1033.4351961441532
1511.855040874001,-1012.55929054669
-215.8487952444774,-436.54918711376496
1570.9714252304957,-1017.2946700161933
1526.58325128863,-1015.9688178783462
-225.43145697661868,-475.9942057555881
-284.0796370968795,-441.46134891951056
-1445.588399774088,952.7048502349359
-1457.5545627932195,946.7044541609465
1523.2606241720666,-1025.9145683440925
-193.25451553200114,-434.74367128891134
-1438.3465035956967,941.9780399421384
1576.525262535305,-1013.7784881792085
-1483.9295349962854,957.1410040255622
1516.4967970252544,-1022.3970552736179
-276.6302429273666,-471.9126879151241
-201.8316398898923,-437.25637141706443
-1449.448266192318,956.1649670971401
-1463.9844001703812,973.1149904789187
-1451.45490986867,932.581902129471
-213.03494445680076,-465.1026145480679
1525.6148466728234,-1008.7885200720398
1509.1829555304757,-1026.1653977112887
-231.69284383798887,-468.6309567177069
1495.0725662420155,-1002.09678061287
-276.4405491281519,-436.23143990882943
-1420.5300370849611,955.38029109004
-253.0712715800958,-452.49869192758047
-1450.489588338534,953.7056995301244
1526.6080685786396,-1012.2190049889736
1552.769018654744,-1022.485448686558
1502.9261360637845,-1006.401561414744
1512.7089704798323,-1004.7963211613421
-1397.3775245054787,985.5490892222242
-231.2623974091084,-445.75687075907643
-221.97874904469666,-458.59350379668143
-1415.8917138659071,928.6022417022401
1590.5369099537763,-1022.7032361697646
1548.4751619400547,-1032.170132345269
-283.82854479085256,-438.8714688735687
1551.9312294752224,-1019.4011337454425
-230.15107014659762,-435.0109820557991
1524.5928225142623,-1012.7962666502639
-265.4539846637815,-454.38931541937427
-201.47292902416018,-455.25144645421074
-1444.6924210795678,963.1677808880978
-1435.3145656771962,927.029887836274
-202.41135196941062,-461.0791599909235
1547.8760215277948,-1029.2452713623945
-237.83993419935308,-412.5022843788405
-203.19101656442507,-446.03470344958333
1566.4642330597612,-1035.6612316530059
1554.8216768592072,-1015.2826010447022
1539.3892767362393,-1015.4929740024087
-238.99556173711034,-474.7386541828426
-1442.10588921391,937.5734159718552
-273.7773057210007,-441.60363987038653
-219.66133697563035,-438.52918806513657
-1409.0532613432206,966.3270647361808
-271.0333089742362,-419.76034385164587
1525.4033835669682,-1008.5107579341519
-212.1044324436107,-452.33348532949384
-1444.3808902521962,970.004809877572
-229.34540744501433,-449.04352731352026
-1420.6271259836526,955.0973853314485
-241.45616495549734,-450.1533731710173
-245.52800237616816,-448.78425636312767
1524.678598223859,-1010.9072779271613
1521.594226304466,-1011.9992568407395
-1433.1141332719994,943.1508984062278
-1426.8720774630012,953.2553386142514
1507.797036934062,-1013.4795830110609
-227.03702551467228,-499.80940697484795
1525.5907170159633,-1017.625549561711
1538.2723607771654,-1007.5157231649473
-215.17982371243397,-442.73589654162436
-1482.5706417421225,927.0593741631479
-227.70625943686989,-421.90285526617964
1551.1812529269375,-1028.378339097013
-241.70095347303774,-454.0625413412511
-1437.7884710940357,968.6497083601744
-1446.408942921498,946.9684684134462
1582.96980959265,-1015.4537145866213
-225.14809127794618,-488.23384438003694
-235.28569164867156,-463.4311093495925
1505.6094726640094,-1031.255893013744
1546.9999145530458,-1000.4948403593634
-1463.2273251809415,952.1753141691752
-217.21071571449818,-446.627327301856
-1435.3349257713626,927.9900515776918
-1444.3664448230238,960.2506035071991
1552.577041683419,-1011.2960976051089
-233.94902052674553,-456.56813347613104
-1407.429134826963,949.2617321973204
1530.3284805428561,-1010.8970663571192
-243.1159018733774,-436.2478025284928
-1444.5567158392257,944.0284179361721
-281.9613777606479,-428.13714794458684
-1479.3393433726028,939.149525518301
-1471.733075699705,935.933962748419
-1433.6507271315477,938.9480479264714
-1437.7882854228008,953.1751463205925
1512.0369074206255,-1023.1048021520397
-285.0400132574233,-461.50881265770903
-247.98203244287868,-468.29931599181583
1543.523683635862,-1001.9415336608906
1475.071227249639,-1017.295711358714
1522.0099692746305,-1014.4591215778338
-262.39929971176497,-446.8740671180151
1577.0700905477977,-1002.5384989790931
-1420.5787107060453,923.2062656982532
1536.3942112424925,-1009.1407601219923
-219.8502777009679,-478.9910718245235
-1453.1430685664216,959.8762790219591
-1461.2695793582525,947.9319557164854
1503.6914877330348,-1014.0332751997033
1516.4417172473684,-1020.6758580754275
-245.84199643434042,-440.485393586517
1531.7971644422348,-1017.1986021302034
-1390.1765642463197,939.726978373231
-1457.6411385295216,924.608996369612
-1426.3492677264676,992.2241360793475
1529.7333280595276,-998.7992424320478
-1506.2168030533985,928.3474732446629
-1428.627988402703,950.4438319876822
-1446.5188316226415,974.48337102132
-1449.98219200419,971.1534967101899
-222.5606626352914,-451.59655059388626
-1435.405805202761,948.2356925864951
-256.50031411965415,-430.7989502688186
-208.11166035540163,-429.53232897527306
1550.918285824315,-1020.2565912046525
-268.61255567273247,-446.19057301740395
-231.08393675554206,-433.6021375507562
-1414.6239217479574,952.4602583010197
-266.827270616113,-453.1901565749032
-1449.0945657999157,958.1917894920836
-1453.2257629303526,924.0799286023756
-1439.8881622194401,964.1637720458224
1581.9996798347336,-1032.4804407183922
-1416.9295371511064,919.8184601940558
-235.14599881478028,-462.0503674801881
1577.8120224146103,-1008.0966071694731
1534.2233962472221,-1011.4053951474116
-243.00685512564428,-436.4377132848837
-1484.9454879597808,958.5565922089295
-1478.3014787281595,939.0132321580855
-1431.9513304288153,957.5171720841522
-1502.5637595410626,934.1782877588255
-270.35699640089854,-439.63472976780434
1494.5665866047498,-1007.2857542001723
1534.6332584589215,-1028.8691883900206
-264.8499789902027,-432.8440487975342
1532.4004482018338,-1009.1912764838806
-1439.804951782193,977.106796874307
-1393.350874718213,938.785774664111
1570.5677626389768,-1035.7588505436374
1547.0113029396873,-1020.0948250606573
-289.43260581879446,-446.71065382536136
-1436.2700381767922,947.5857382225186
-1424.8918989607007,951.3828662868716
-1455.5667231027824,954.9567381955749
-224.55284448961382,-453.41424175795663
-1473.2713879245534,909.6297197029481
-1424.145801326155,954.3337540807988
1529.2810870242024,-1030.2218435916245
1525.3309439758411,-1005.5308314236889
-1411.6274690092603,951.3730105354427
-1462.0256928571105,973.7761051732697
1552.4282086655921,-1014.1482451863806
-208.18459296409333,-470.9760249485654
-1503.0798931792824,946.1258980609916
1540.9615185707278,-1014.7653380077858
-300.3618332057845,-463.5030235260138
1543.3026930815654,-1013.2960787745459
1503.5335630881314,-1013.6540688266045
-1423.406407543143,932.1165334003917
-1466.1045416065729,956.8030276926935
1567.4114753421288,-1018.5086914881614
-195.22786114968076,-449.75088947901213
1513.476545926842,-1007.3426510817802
1567.3674151428359,-999.4272136545862
1509.835769443689,-990.2392539370537
-261.79357752095206,-435.1498182915444
1554.3451532359775,-1011.1163206104422
1533.9255500050701,-1037.6475599971513
-1460.5978375543611,924.5441101045312
-1419.7776743456677,961.3844681150969
-1474.5098653506088,980.3575806198553
-248.2728548846392,-453.4062509717443
-266.0283314835383,-449.917583055764
1554.0481442175194,-1037.1819699726393
-199.7672512295875,-434.21484826165255
-202.6810409298188,-414.2946045312891
-230.9412131130933,-467.2921389289071
1517.8109041799771,-1014.935785252539
-234.6946636809207,-434.1355930513281
1545.734083182592,-1014.2140612521255
-1441.421675986928,984.482744353909
-218.47605629142612,-448.1251695976626
1525.5438570628723,-1023.895970531918
-1419.4772711259889,965.6590941060737
-1479.079801561193,958.4758694994545
-1388.3430514278775,932.7844527258828
1542.8149329930807,-1006.4325100109135
1565.4202364280925,-1008.4153446135359
-273.9718803579792,-471.226557985237
-262.62549582651184,-433.4337769800063
