-133.61504829221383,436.3901261152603
-560.5906629196652,-318.79838567293
-231.00503371256667,-76.76846493611578
-506.06518777445257,364.7253236551027
802.1018149646214,602.0361908781568
-517.7137199481786,365.67262857661865
616.3465390597839,-338.25545520279337
-216.66596498201147,-89.66262188251275
782.4674850854467,594.525571846013
594.1546861915097,-332.0734842362162
-506.62598588871873,323.2555492631103
832.593406480097,610.4411166304491
-495.26575369865196,-303.8713668594272
792.1869801993042,577.8126831801695
-527.6020742759927,-306.4136729521822
-118.92123176061811,459.03164830933827
-217.2173467951325,-111.56649250534582
-564.1806916910621,-292.58315183607476
-234.28150518895356,-102.61499811975071
-512.178975801659,366.4330548743124
-232.10296840722512,-73.73826532229825
804.6043516988129,570.7561913111529
-40.040246150141215,444.48320962165184
-527.4379156617474,404.2782121794135
783.1581939561678,-647.9430727222655
801.43866889665,785.359001981913
613.3034524636275,-318.5294695609835
-550.6561138849843,394.78331169934233
772.2174877366981,-621.9015354136868
788.0791329247098,-617.0884221770891
-59.86064373835238,450.03393105825864
-466.5148945802225,410.8275961982402
-244.86885231871344,-107.84220684105397
777.5596998121741,531.003588234236
755.5520843177693,788.9968286856772
-557.7374919473705,-323.96086528191887
-1021.5352600802884,-829.7022189924646
-119.9445718872197,412.0471811802661
623.8944149813659,-349.2605843176709
-111.45377685932604,391.5384884262128
-501.5976801840025,402.1522433046752
-584.6621187811802,-304.33905091402625
-581.9677418976884,-295.5733988378263
-545.4240905191625,-302.24575686024826
881.0410564373009,795.0488007074161
-123.73863380374729,464.3056298316687
-1007.2265364749913,-799.3426587268507
-558.7327326644836,-343.89634503095976
-225.2468335690022,-102.34876477258626
-1021.5988784291516,-788.978794147306
793.6167385877518,622.4506064106845
-215.00106360777667,-106.41063240935874
-231.29755297377054,-96.77015922669355
595.5381893447164,-365.6097012582697
-56.51952309556569,429.95542546339055
769.5032212453267,589.6864677986612
618.9675901263396,-301.4457439474899
790.371213654855,566.0764898042662
813.722251055748,591.5146951275213
-499.7629989238649,377.8928234201216
606.8414286768284,-294.302246443711
-531.2453822875051,-309.9062496260292
743.3220173834973,-622.9504610030455
-55.11501387458205,459.1254782921936
-224.3628819406487,-125.34837850843851
-544.1336315950177,-337.5016410869758
-513.1264834315502,-323.20298871256097
620.9592797249801,-307.53808343336766
-512.0092063190492,-296.51821658253033
-479.84783582098703,374.5187967614783
789.1013191223036,563.1638317638885
-62.41266994675648,433.8660851335758
-539.2393138540151,-309.11829846746105
840.1883540395135,786.5803726047109
652.379752949696,-313.4523321852981
-577.5163069801307,-303.30830132491775
-536.2925142251984,-302.76480196018497
-150.44960532926643,428.84538280520565
774.198238669005,578.9826533162419
-548.7599717611364,-335.08236000792976
-985.4831311229264,-807.4065742135286
-236.57526260640964,-94.92032497800008
834.9108294590477,778.9438709013889
787.9636659348326,-635.7665535880338
602.1384297420027,-305.02004005578186
-135.37796443814142,404.2556650630906
853.3134460018692,792.6260650098759
-224.96766909402533,-72.33611922992041
799.5764412591204,561.9388262413958
-581.3894890465106,-327.87214551518497
-53.030321447134504,454.18817949547594
-137.18237843581664,414.8512062685949
-134.2791728568715,470.29092124392423
611.1797219943155,-354.19169733601194
618.3440294968353,-295.2669229400663
-539.6020634918589,-314.35863372709
-1019.446620658356,-761.9564472269549
-1001.6888306670335,-776.8663485128975
-510.8327043028979,322.2283361627165
-990.6584353569822,-772.700059349197
787.1533065147706,-642.3451984354474
789.6963631148848,-603.508846260503
885.849835501285,797.6042198265629
-1001.3492486621187,-810.6451015208262
-50.6260749666703,441.53973800231074
-127.21812783841256,460.4502589895754
792.6417879719711,640.4863137403356
-157.7004024746512,445.2833664698947
-81.79865972435977,464.3291789326791
-90.72487255274461,406.77537585549715
-61.98609683384497,424.28019973835524
-44.89036686513049,421.55432239882595
-976.4799751160662,-829.8899743870973
626.8518717750426,-291.4918459315638
-520.0585451060786,-295.9207285897726
-228.2879802639547,-120.37879851941823
-234.47395425164484,-115.35344016717403
610.5844903585073,-337.163815071652
821.7651133224067,580.4333014888331
774.697542634346,-644.0997001811877
602.2889039871001,-350.177185530407
795.2580519727508,608.1193856692468
-196.8140630638731,-109.37880280117162
-516.8603697899571,354.602468815274
-497.88616732287886,-309.981526983247
828.4747462571078,803.1094738587199
-456.42321601627583,380.84027131194676
-1013.5031292867804,-801.1471516214174
-971.2413725498874,-807.2500385229771
777.410535709212,-609.3846116666311
829.7749833409404,778.0601255830998
751.7056901220034,-626.1411569777064
-985.6787528327909,-811.2417316688814
-1025.7936779483548,-870.7850195229894
-993.552513217098,-787.7419686014541
-968.7388254395343,-800.3826981288802
-495.48020226166284,374.4062049592995
765.8393989790844,-646.671851655724
-224.61713255674061,-73.87865212853274
789.2498978590918,609.8139042715734
-29.657803349386718,451.0656665124296
-116.38859725001684,409.9441671224787
-512.5761044787095,405.7759769690977
-236.757215189897,-72.36632530827809
-242.71181589947153,-115.64717839600509
-546.6556900498251,-318.6850475304101
-119.33244945275538,444.4422233070897
610.9571818686214,-352.7568382666811
-49.560672555049344,438.5320453371526
825.7996485844415,597.2550369179135
-81.34218231214871,425.01995118568146
-499.40367906114693,325.205381578686
827.4566689078981,792.98004524718
762.7709233088482,573.4481118622926
-45.26596935207108,469.6815471327891
828.0662134447798,-603.4947958269357
-989.5716390965438,-759.2234331605067
-231.17381605660847,-119.83086092472517
827.5241293155912,820.3380262461917
-235.40074686183115,-97.10325138169856
584.0561631771186,-365.12148504182693
-526.2083407054944,-316.4104829348572
-61.003742799890276,427.04625949219025
769.5569030432167,578.1362071435631
-205.33709632463314,-102.48247641864323
-997.9221231126472,-852.0700409739295
-231.36541500970847,-115.25391955025096
-474.48602334413926,359.42495823163534
-51.83895337642977,437.3953795287444
-963.7950610599814,-851.7381264195375
-950.3507446793164,-792.7017352338111
630.5620832999388,-328.00499372976645
754.0365540708231,-630.8519824432603
-132.25080264202518,365.1246792081718
797.4486657859326,623.4724353217887
-505.9286230247285,340.9687036390069
-232.592368747998,-56.65003030080154
809.4879884464406,800.8294803078898
634.8825120457105,-350.56471734705974
-232.88652006740185,-69.76419288506068
-231.90327214685016,-139.34520798334134
-127.887826715677,464.6413802142206
832.4477314783114,767.5873458873721
-563.5136018320272,-308.2588937223789
794.0054715991113,560.6125769940802
-548.7014524134237,-328.833742228665
-965.4031841150174,-847.1736877417512
819.5023584801993,577.8468712307811
-531.4246224084895,-322.41111795894045
875.3820710719498,814.8079777081097
-123.29236960789679,442.9048663537205
792.1513232931746,569.8591882787828
781.4897572527833,-615.8410046249418
607.2610926688665,-290.3876367975887
-973.7712669650435,-855.8515780319443
-477.3620181077717,400.21730777772484
-220.53040008530175,-111.63799655433411
-466.8389508643688,466.71232884130666
-978.3624745976899,-822.5267085886401
807.508260446323,-638.9064216814708
778.7752745824299,-615.5894063267709
-127.08368863859315,420.12566264422696
-192.81187141022866,-108.26389808938872
-57.579804551432176,464.5254166064831
-549.9566267883977,-310.754762245059
-226.51421574668078,-93.21357373458837
-583.1859694459947,-329.06399359196104
822.6868477312395,771.7723734871156
795.7815146727812,593.0500016862097
816.1799605793105,627.7241148339978
-243.27017027843365,-116.14674327329165
776.0028282978404,530.2399798975973
-134.68278583435094,474.85428607732126
813.0794072056754,561.6310846343945
737.0112373358756,-654.7292097903257
848.1825333300515,800.7030857024649
831.1745313153825,792.4783376791987
594.3737825157867,-306.00307516572684
745.6706271201191,-642.4701751032703
-999.657594101694,-822.4302312661823
854.1265023285279,779.8138422396273
-39.71085564683527,415.4641784989211
-230.12325570153394,-94.22590176558539
-504.9116940605394,340.9566219968231
-998.4606959376756,-810.86676442944
-109.72466059082224,467.93573344032825
822.9871010136156,594.7708779612102
-53.09672565842148,448.14862929429273
-489.94687964296986,373.2485121431029
-211.36658464818998,-101.01556089158295
-478.36979910692617,324.6646425959604
798.8764558082759,776.2890284298322
-1028.9009957963824,-793.7216472682678
-538.9187996953533,355.3687438019553
-608.4028049361582,-308.30083044825676
-526.4545195297907,322.33563651185085
-237.11662951735917,-120.88305810859578
-54.33864234836799,431.6035358601175
866.9683888751,796.9135431010214
-239.48019511613222,-112.11911250224648
-64.50095854954358,448.30195548822064
615.2521823874085,-336.19249941083535
-564.0877591584452,-317.0989631591637
-117.39013905130179,461.9503073556836
-256.0723281975695,-45.52627623712182
-957.1433394727615,-827.3154058192496
777.7152612410613,615.0004488021552
-1007.5010096067507,-769.823597996986
789.6416764447631,821.398785578771
-522.6730087592383,422.2479197919955
-140.21816779242167,424.902342940198
-494.68239911757126,-292.2402364105199
-140.00560309443637,424.1740616264142
-974.4230724816113,-771.5797455617541
-55.5862580627455,407.0842444340566
-219.26314371809784,-64.80724421403457
-237.14549795983416,-164.01508812009507
-138.19090323331153,423.27758833010336
-557.8221478081388,-295.0673850290862
-88.3445494260571,441.9878519002983
775.8140348274586,-643.6076482423014
774.896501559677,-627.0832765048904
-524.4296312394318,324.5454997042904
-71.53983665687693,419.42096465799347
800.8878780293795,-678.2575071114187
741.1733769769546,-601.3369149601596
-571.667855603844,-324.8585968582442
-1014.4733743400301,-792.0830122793334
-124.44081203931198,412.6461208137677
849.2302745713157,792.8508203296532
-1034.411024752018,-802.9218725103115
-989.8010483741759,-780.8003228946204
829.0823908040044,606.9478923031181
584.8671589948327,-326.20860096306484
-499.78680759735045,-316.0180684749533
743.9450250660683,-657.6036517795458
773.6427045549907,-600.8582326570119
-1023.9046117509139,-729.0829795530793
-63.897119592939525,448.1061250788145
-996.7888891160585,-824.937952480728
-50.059876976716524,441.76608792751716
802.1933461316092,782.5245952928365
-518.1407062576336,419.90454899384224
-547.2109115826536,-314.3384784933271
-1006.0387572194069,-756.7767358528263
-148.0112929692099,445.520612256078
-37.12779199338259,445.6249776545015
-566.448612961085,-297.6220028299411
620.5589889010433,-314.8226631828693
-141.70088430185166,439.92291023017845
-513.4168717138522,337.4939870403382
830.4916502688721,778.8229947439654
-124.98681865615629,435.20893434917565
-125.54718464039323,408.56226481669484
828.4275257014325,561.8054975829285
-1013.9809496012401,-888.0650139484192
-77.59358396394175,477.08264048163164
-512.3448700910276,354.9291289668077
-54.60993008939727,432.9276157024592
608.5027091318937,-347.4019568783671
-84.92146818057589,439.98926759873444
-515.0382240912036,397.50255267804124
-80.22934388891969,447.8140363660983
745.1115511911788,-641.4689344566482
-64.87824809092962,454.77251091969134
785.634669296882,-669.0413707759805
-40.90614475391136,426.38754743009
-59.75057177291387,425.80309420862994
867.0356982479079,793.2017383616893
-68.4443798615007,440.20887278499686
-140.82943007146213,396.75900603045653
-1019.1998837859703,-859.9472963519586
855.3079719084784,778.6804359349583
803.1567892500888,569.3371100299925
610.8667099906393,-336.35539622878935
637.9656056606444,-327.6857769397833
626.9326323056146,-296.0108337302278
774.5266358347869,-651.3736512171682
827.8175222046148,790.3776610171799
-508.1897346133529,398.5709292547432
-75.32612373657508,429.0285837954269
-476.7877604956398,373.82099160086796
-83.99396633141825,417.48842281804036
-241.1934587505941,-93.20310060980745
-141.11955504293806,437.8015014378677
784.9785290005055,572.1814018691753
-211.40031220260306,-79.42745114691414
-509.44358105272727,369.1957982882854
-109.13743966123207,450.85144279036325
-1002.7892542970612,-855.7016361996092
-480.3679393693918,355.57991181071066
-497.29326548532094,402.30215128680436
-504.1432322804609,-312.9884142623654
-1000.0301644430449,-832.1874524920556
-551.0565931131484,-317.50482228658257
-122.6692010900846,416.5564096873195
-526.0291214626154,354.5778491996849
613.3131258646399,-333.02563317158877
814.637328724313,575.3859051092821
-114.51798960912247,419.2359106042328
-536.1668710060122,-330.4915710135454
591.582876551898,-336.90627395339396
820.5709462638375,597.9598997419184
-516.3048389193167,390.3495515662984
-262.99100953139714,-76.81123964672842
792.399862507404,-637.2717420534024
-133.4557305380289,431.36926644929827
-493.2784297862402,371.73000324682357
765.7375161377911,622.3740552255407
-66.33384201915212,458.3987151058952
-482.71804364106,-303.8254309120993
789.9095128172539,-644.7133017773943
828.9110949372077,800.1684920170422
-118.1440203049229,439.4257023250012
-1013.0801273783528,-836.6304983059734
757.821816781238,-612.1159126255394
837.3237410542716,787.575113167469
745.1699404309481,-615.683151308957
826.9302065157533,623.27349779882
-529.2226474717812,-307.1194128402709
-515.891872205548,357.75748158287513
-243.2422985992486,-150.7997389960916
-494.61156269731686,389.9550890659849
-510.53740817476336,358.04818091221347
-553.2846706820291,-306.3278335382207
-500.7737946254425,356.5478256399769
-63.3271388782009,455.82583629079267
825.4558167193197,806.9953370646315
-536.0446271179095,383.59103723688764
-222.6869713363037,-51.47819665683786
-51.08315111106674,432.7828888049226
589.057324169395,-374.0315038551241
-79.90979438968353,460.2635578096241
-50.2093075559351,432.2774673316248
-999.2871442085014,-817.0186188750052
-124.76334938426488,448.88881894600735
-470.6435300989365,343.4499191209259
585.0694197053966,-295.4482777060273
835.2191795624191,808.6641634221234
851.0661526111048,781.9391569032832
-1008.229149955793,-791.5725331145214
779.621277277065,-629.4011914963606
-1006.3742696834944,-827.9646292795396
-952.579410131748,-840.7124786195569
612.1920396298838,-328.1981149193571
620.6405028424623,-349.36823625490047
831.1420139243725,629.4333419124441
796.4481863079487,599.4794754006103
-559.6205677457754,-307.86590459701
-52.963880321087004,459.8745879005849
782.3589316699845,-599.4056414873887
-483.06443840855235,378.8054798670025
-30.345151718428063,444.52145268766947
-153.9083796712478,416.2169016758433
606.0576043749509,-369.4358770926404
-995.1442574911354,-869.178822747585
827.0220926808094,783.8883442223395
769.8715776839036,-666.3717882152829
-130.5444708902926,396.65050743788083
761.9037010039897,-639.8205758466609
-136.6719627483192,461.7172780430093
-232.59431638060397,-98.75648667246293
803.7290066847613,520.5610339907087
611.8458935389291,-295.8877029889959
829.6212952891801,557.4919666312145
783.7792025073363,-648.4175144067596
-90.75778330428852,448.08980156216194
792.3641674028756,601.5001010272128
-60.73294719360312,449.0871458435656
784.0019580110239,591.4774981646057
755.4206054071291,-625.2041842659074
820.0682010766253,775.1705106642352
795.2146137170245,582.4528043915979
-65.85894409468096,440.5212990304105
-128.0721753336392,413.6879873433957
824.9431041661973,620.8755077591874
-487.12552660529593,428.39633279943286
-989.3466753142991,-846.6429556791842
-526.8425707829057,371.75591040284274
-81.82230391958828,458.3717311676138
-71.23925633289797,451.1880195704892
-573.2038966185063,-310.42818209500484
638.0156503774306,-325.51385562849003
791.6778980359497,618.6428637546281
-221.2066593284819,-85.47430078702386
-993.245059047325,-821.9640327397423
-615.06462398383,-356.8444233595681
787.6449865963027,-614.7347063814149
-126.1292507159246,505.29147991084307
-242.3326024133221,-166.24611723275606
-517.7153070770615,-316.79778058742835
-117.39808499225619,407.8007833640426
-144.32133276428317,436.6281258870621
611.6848253626738,-331.40005586514076
860.3628294135559,787.3833100451975
756.8774552375293,-635.3143444210802
-201.1877107854019,-85.68415919253734
-514.3472284157892,-281.34758234257856
773.9358202426612,-645.4402470205719
-214.5851274977757,-61.301175041476284
772.0126325210398,-623.0236011698103
-547.483864819643,-325.3501517348774
-539.7919023413788,-319.03805156975915
771.1286057030273,595.9963159935181
829.278646325035,599.0148319115982
590.9450821524179,-277.5843328334889
820.2671352223222,823.6418294492364
794.6411494644206,620.880769778691
841.0102756987642,620.9300643790472
790.397727570114,-623.3581291800607
-570.3040920992852,-302.5885391069832
-238.45459170101452,-122.23371339919814
-514.9389350861629,381.0184890349192
-462.509978751379,376.61597791866427
-467.48401164195985,380.86743202043453
776.7339539526072,-651.0218081667067
759.7225754289053,-621.8704761043529
782.4415617630776,-627.0610325412006
-494.3882780988804,-307.6426893925366
835.7940623154116,796.6831003499387
-599.8943879727492,-303.97429941217723
883.3544380140047,766.1893072944174
-130.03610717867414,421.68308007614354
-519.2093652161159,-314.4728915290904
-995.7768579803115,-819.1687236491114
-1014.0991909638524,-826.5917242538538
856.7273440098833,770.3074630540885
632.5717725057838,-307.0769245028285
807.9800739349927,771.7023570165126
771.4415088284869,-628.6742948016212
-950.2995550180693,-817.9176190871922
-226.83378370130157,-103.57554566426597
-226.81187385385124,-124.99912465316275
630.275619169335,-334.92000282710745
-566.738814610608,-310.4736009272051
-50.30230252624246,453.8512737071699
-550.5782584515562,-320.34504034690934
-258.9225268073007,-109.59472216710101
763.0722092547329,577.9796139232424
-54.44081897953417,433.4058499243498
841.3805120266505,809.0514747879249
610.8330183418466,-332.1944990703937
590.5742071139816,-384.74431885229393
778.6713159630308,539.6708316121823
-503.0337624816286,395.25849618134185
-253.51620031685798,-56.69849186754245
-96.91541257405044,424.97843397059796
-265.05764098808226,-96.50685852077864
-1006.8661532724371,-841.5050287119823
-73.83623663579921,428.61299009321334
-561.9065397878297,-357.4112258754877
-106.76351332567624,450.23009526173377
786.9675337989531,572.9983529409374
602.2265686780751,-327.1686479467486
823.7416814042604,795.4771749645558
568.7026203569563,-349.2297291509341
-70.70712004591252,439.398991906691
-39.33972608521922,455.51891689602826
820.6409890944391,801.282926326969
766.9700979708504,-635.1261211843588
-490.31853720327985,339.37582637983303
-85.25693433191637,463.76560139660063
754.8583281559883,-620.3218995018899
-129.3270640777582,427.9281425463275
-504.4111618606047,397.0153750185839
628.1430532879579,-304.0111847392701
765.2717610114453,-617.304136417708
-221.30555884269677,-37.35206750901568
819.6486990845766,550.1470916592693
-137.2843319770107,453.28664594827166
-247.91792939914802,-80.75297517510148
-517.585038480292,-333.3594979867634
-244.63118539264826,-106.02932475130527
743.4396876993258,-624.7276468098831
848.7163299382835,797.3990064125715
-990.0071132647181,-752.8965502316448
-42.72963977268233,436.24866464255973
844.5949529395315,802.5102598343844
880.6194226674759,786.5179225463465
-141.14452659276432,455.17063486636164
-45.47714883554463,433.42502286263306
-549.3634936344287,-328.3820819729261
-523.9144271459505,-320.44610044429135
813.7020834259977,794.7207689828389
599.8786739427636,-326.5659851392183
-237.36429297882125,-125.4183068771128
-128.03057301441854,430.6326252783612
-246.22776951008538,-77.83957203369948
783.1306830373715,553.906413953232
839.2850635630107,779.3208846941028
-135.49346341432934,404.8872806730645
-1011.1949137305244,-780.1454699314672
-64.75406560431757,446.0062886998741
785.296023246159,570.2338607218308
-106.111252075552,427.3713337396681
-451.04227033792546,-347.30992990720716
613.0611603934674,-324.65252486951886
-133.43281893790302,464.22409183964385
-242.99534081980022,-99.26780114129214
-572.4695710756664,-312.8250321137976
631.4733419183748,-352.2718882856695
-522.5727311233213,349.63477583445876
627.5464802517123,-325.92541022304
-508.951812556636,382.3965923850815
-130.40820171853375,440.07327594099974
618.2002627774596,-334.25046168386206
-73.27185310190845,443.1708915989175
-560.6106538220944,-344.49728007968986
762.117102518248,-628.6723323555835
759.6541890192996,-640.3476888361113
818.7533452660474,766.1772510636847
829.0146455535809,772.3023496969536
774.7290093071402,-646.6851872737602
-210.636581064084,-133.8561548085096
-1007.4044929688164,-742.5525709652748
-63.02557479472363,468.5623246498797
-572.8494641328465,-310.0140475324295
841.0723797332942,784.3391073307308
-36.25857142418071,408.79626540498253
-518.4906119741585,342.5106391862958
617.0163347174337,-313.51614111916894
-494.07568522443717,-317.0915339694845
-217.65838183636075,-124.55156574795305
-477.6628462199068,-348.14089387729973
596.4859161484279,-296.33566965596407
-127.4839789451259,458.62487335133113
-110.85319549502418,477.1683411485838
797.8713261021412,792.2519680865422
-133.32011978013625,427.67244013140913
-129.2507782404613,445.535762806603
-995.3347763440634,-863.3478518144184
-221.67776674427492,-75.14759677007919
838.2037803999436,780.1578565233851
-58.81959752433705,469.7908408630935
-90.44086000795576,402.3029749529852
-120.2349815414656,455.0485898932164
-505.2801926104768,343.71657427940784
616.1134524443153,-304.9892445203857
-530.6191755501992,375.35941409610666
-974.1327879793375,-821.9567690797521
-534.8961188956808,-285.14380516438473
-540.7319899966961,-312.9157862398459
-141.92028290127288,422.54470324679005
-1008.6761127550403,-862.240695328037
-84.02857785009779,444.68911632253406
609.012442506081,-348.3934492035368
791.1657134186673,-613.4764825285666
-507.16525275679584,396.5907737455346
-527.3680542314947,424.4145813324217
-89.58350667209844,426.88950536262297
-234.92751184380734,-105.47711692418117
-535.7187180952409,-308.99972797055784
785.8197807632639,778.6958784392235
-579.0752112414875,-313.7257922037847
777.4755819110262,560.9825305534675
-533.6220666406707,355.2757360628832
795.902462746611,628.058453563054
-220.82368564785634,-72.85515817817307
-55.82268416053364,445.3536696255742
798.9792397823705,537.8600302169525
-579.414965024033,-308.57598069964905
780.1893938507719,551.6095181455323
758.2532254382617,-619.5888477309037
622.7070118375999,-306.1837231674474
-249.2868406899827,-124.22618206340917
767.000733835817,-641.6279745137942
-235.0563925653057,-81.68819110561954
765.3639277224568,-594.284292296692
-585.6579061276402,-327.6964539705053
-959.451879059341,-813.3053895810265
635.427072363154,-384.1263566067684
-254.71020707411424,-119.69430982514744
800.489371515978,564.8514669442286
816.2504970001187,642.2128726232822
-51.087520801437165,447.9072452819753
843.8448508145952,777.7124090403407
-513.4635224112883,-310.60664415093976
-76.09129391931565,450.68197342500855
792.8365714788669,600.8834277044482
841.8596448502242,795.1810674881008
-97.08231181481216,431.20306707173296
-61.16241710227332,461.4049307525996
-473.12769921368454,365.9514999056993
613.2559617972713,-342.28176405455514
842.9551021040338,775.0317861717695
-489.19736914830156,348.5650836718397
847.6061101643036,795.4896844360405
-115.3656865466616,414.51999977257407
-108.07933501485661,449.8554454215566
833.8533020890994,782.2014404873254
-138.53206165566502,411.47535953537033
609.8631417364695,-375.7330157452231
-1038.5698652096116,-829.8809360260451
-62.452146150588426,449.75074370795494
-522.8076075546718,351.4272162610657
827.5041569380563,790.5653060033394
800.6557964858127,-607.4616090975004
-567.9181510006587,-296.7620254078138
797.2139947422758,785.5022972151107
-1014.133982462533,-799.9031941034929
-1040.8568220063125,-817.7086695518822
-558.8222818070565,-332.32659797469546
-1049.441483247922,-808.0395120413862
-257.6119334758618,-77.57720804334653
846.3499868782075,802.7257952910552
622.1423164639416,-306.94402805732057
753.7173479837112,-614.0550157661918
837.3150206074542,789.3235287129708
-540.0478219362719,354.6024380665564
-974.2445423012872,-783.713656630302
789.7890276302298,-604.5893764101709
-971.2421192008952,-776.7071553472243
-129.85974615219155,422.46493635102195
648.4574051471759,-342.5257814307849
-479.59152239473127,394.21762681422166
772.2752635493372,-615.1591132821769
-971.8069792390984,-798.1967632346245
-146.57575998105017,410.69012182338014
-90.59899875612254,431.26055749754124
-107.36223161611434,446.28528038294286
772.822031752339,-622.907189757052
-123.83423769375295,435.30357159434965
-241.5760681713467,-129.44818435991144
764.0162476400192,605.5929695008641
774.3120051225853,-611.0661110005384
-61.22171124085178,431.2437548872642
-217.26031728443039,-46.14559039960833
-511.41970931776194,369.2933188756956
-984.5716795397309,-812.1000054149957
847.0933472132889,786.3906610803584
-233.73317385335523,-82.16104111025597
-484.3248943673563,437.8942125086476
-73.970683146015,423.9812695476481
-1017.6205123044714,-837.24497903877
-543.1188447015803,-310.7452849448418
841.8007610589966,774.6585758448128
-510.90571019604175,-320.21051812789926
-58.34677094862702,442.1671708671438
-50.015677093174546,453.1404543503254
816.0033556083769,574.789731112666
-122.15567567846325,387.59661734790194
823.381046349271,602.207362045919
-117.7033656531147,424.58942420006474
784.2197978233787,-600.0836876359119
-210.26789314032467,-96.45046421736308
780.2636020274576,-663.8860327812328
-64.56157807246316,434.39353546211197
845.4222198487845,782.7121977949593
608.4192205478967,-307.4033492030732
618.8999158114932,-327.50536179386097
828.1550841593536,565.9850443394135
-235.6416225632621,-84.85517071648763
-529.549785871113,391.8411381221715
589.2129509025009,-275.1719081073893
-1044.381944980342,-835.6752873936719
-531.2976245404672,-295.51179647824915
784.5497376551339,-619.9392893269406
-988.4978472282345,-788.9610021115974
-77.09603955975464,453.0239080303409
600.6678670529096,-325.4165750096629
-131.24230689156238,462.3858897225842
-1010.9282782458042,-850.0601776226233
594.5833681729029,-332.6904103828351
800.8877087478332,555.2557790004254
605.6070415631469,-306.55167226617493
-60.53461792390214,427.8370937221008
-566.3179798907761,-325.71167905583224
-1037.5486827941104,-814.3038324645387
804.2885778104026,548.194176506537
-530.7903030427229,-358.809985216897
-218.85891137069544,-171.86255607929866
-511.4313515914793,426.75914386080865
-218.69713980141825,-92.2525710381435
789.3252463584643,789.1987895071624
806.5308261233299,-645.5785475751071
726.0382408486082,-630.1305477427749
-120.17625505961058,393.7757641620193
803.8239859141898,612.1940073137744
603.306321146683,-314.8581008148812
-989.0876994794154,-827.9006254031801
-529.9704629331058,321.4868303278619
828.2430845405455,526.3023090364551
-218.60929013057208,-111.20090569034093
-137.45140453136543,437.6256986739631
830.494087767863,786.3901700046042
617.5139793383635,-309.0975512184671
-214.27698954048145,-143.50547354968447
-237.36272498925635,-109.8222872058227
811.179656427748,791.6469722210018
-123.49235479742015,418.80282740402185
866.2794861270422,805.7427445146183
846.6220171916272,787.999721801961
-1029.668666355208,-849.69182533492
821.4445518517913,779.7953804489024
-502.5670196005807,390.7844010210152
-79.59863117302876,435.4063386739667
-76.02413030718127,438.1148861198399
800.4579932785342,-627.9658630004617
-1005.9904525451675,-793.4620034842153
609.2258788561841,-299.6885952632847
627.483412154476,-306.13103575773744
-461.4715013411854,345.38694865802665
792.8649331675471,-620.4712102744219
810.1022723351932,782.8793300624887
-1021.917445831886,-885.4510103823618
759.5918613137935,-644.3663847789794
819.8709704680984,788.741744383144
827.81152613467,578.7388643918681
-541.1331762988065,419.27965274391715
826.2345649667026,782.8168989477815
-137.13317338989341,450.5491238428758
-521.2001457619832,390.63401391357127
-68.65819435194938,449.479255614385
-562.9421439312774,-311.34904465279925
-495.0745326589806,364.70260479316306
786.3293371659614,609.1841424509079
-206.25947110624497,-105.74109271305343
826.3032596405486,779.4560488133405
592.3899021329287,-343.99994690490627
837.1278609717032,624.5710048718972
-502.0675700976236,353.938674698149
-58.89544816195348,440.1548083691623
-127.78433543977869,435.4843127426851
843.6209425203916,797.1275350754734
808.3089567024731,618.2123476890462
743.2943437312153,-597.4859618476494
767.6125976490006,586.5455994170194
-1032.0573216568207,-767.2619009544276
839.8016347258811,814.5358153469039
771.572497812658,-619.4349721026219
807.9648626095168,588.4897999985114
589.0979379933059,-320.3697118905896
807.0782946180153,792.9482401886048
-229.5861174836687,-44.48845781747926
609.5064759669028,-321.8939204917833
-1004.4944090386292,-817.8183311009535
-220.4333310811905,-120.74375462107788
-995.7911068511114,-810.0648886271866
-194.06792053619841,-117.06706850711294
-513.9233602604085,-320.47642085634794
-500.1815425777622,-317.2217678151985
620.8516595691258,-339.091047454902
-989.3065927933727,-780.8885639537326
-225.95989069908046,-75.3340817168071
-510.42589858001935,-324.2875739050652
-471.255552882086,382.8261272726611
797.0794614847393,-624.2758599348589
809.1113721238037,622.536289482254
-508.19006515182474,346.23146980937247
-534.2687336549867,-336.0062025668184
-1008.7769485100949,-846.9904155070127
-129.8880906650778,442.2190752011364
857.5819792237314,790.6997422276147
777.4174457558292,575.1710704978294
-978.1297751040396,-793.3833405433609
-245.4374037632,-101.63901262897231
-196.57280742904862,-77.98720250164021
886.0370003556628,794.9689665440088
800.1345703553494,515.3188332340621
-514.8575998548257,341.5048483688512
604.2552593340805,-361.90591940695
-130.61533127793854,467.5297904624475
820.4181355799507,793.077195566467
-254.91369543552605,-153.3369009031092
835.915385897823,591.4638339814882
624.767151915076,-297.62571923261055
787.7465184477962,783.2905843483795
-244.75772834716565,-35.54536622058876
-236.73595903153807,-54.69072604649925
-105.1158406459561,433.76559315713246
-123.39521768673742,474.73919805002765
-64.88931940036349,436.680177146466
851.6090952160115,804.5851425366401
-971.756184500315,-780.5828725357645
815.4507095302495,776.0809471043774
602.3190218259532,-327.16655483569
764.630903862491,-606.3774805880713
831.3396208096152,793.1138754649423
800.7027623100565,604.2985381249994
-1014.4639210565297,-811.1480931886579
-523.3128623168094,-302.4902718576204
-202.08935883225735,-87.65852751012102
-546.9221611922256,-286.9421017612326
-117.59131243756562,432.01873764637526
841.5174958744401,789.6405064453091
-140.2460244540192,438.4075005776182
753.6587379005852,589.3405292203224
591.8515560842286,-365.7627648117883
-559.5102532674341,-324.1993191432897
-126.13618055939803,466.98286003596314
-508.92490153103796,437.8997908977072
785.4891065259704,548.3465967886448
836.4914365723217,800.5138295048006
-540.153281163052,335.7397982240767
-503.6438699297647,384.24810652701814
-552.3561027051028,-338.5375464749864
-134.40968764963694,430.2078786910839
752.9630097371437,-623.6018701406834
-131.9198084209172,426.7673065245122
-127.31381618204395,426.30884301383134
-476.90037135564046,358.6581031123065
-228.40749267639353,-84.86666584598257
629.63986773446,-346.8786187453781
-238.86412883793435,-94.55463829501802
-987.1322828348212,-854.928354753029
-125.40845672365809,418.0325185492075
753.9581533836862,-634.2626987490476
762.1856267647603,-665.2328420483137
-1002.8310623391671,-852.6522240781325
791.5887815888478,590.419005234186
-532.3669227681897,-333.0709327211733
-479.01575946059853,328.45944567286267
782.6704571569949,565.1830067182566
-525.2302151648364,414.1897238611491
841.7129024010251,593.0876508862891
835.7124764703698,766.2538358896568
-224.32033142373527,-77.94115322535458
599.2041713357772,-294.1006808540569
779.1066128331885,576.8343050719875
-127.67505308455833,470.96282545829007
-571.2201647220386,-353.37145838636343
-123.02742057326996,384.6499801889964
778.348390839354,-628.0467901389181
-224.64266224665278,-129.95156804105125
-31.05609251566885,443.2050631481823
-80.79470968001093,410.297453946919
-1002.6865170731962,-811.3787880184078
-131.21961548626885,429.6443433410196
-1025.9678713369037,-870.5931836998175
-477.1634923583451,364.0190390633986
-1012.6280781612658,-789.0995930314131
776.3990413709568,-610.8394439969192
-979.6993230144699,-785.2942198708181
764.9997912341187,-632.7608720324993
630.9213254342083,-338.11761382954836
737.0152684843699,-617.916014584376
-53.803076637666685,488.50157456058685
805.0915413261476,529.7569079874945
816.907111581383,581.6694940592043
-242.39603021152791,-89.05303244634939
-54.46612278241592,438.2774073557362
-492.67189709868427,340.00240117107154
-82.02951117778085,444.29540267665624
768.8213011629167,-629.9940971404327
788.2515084228962,-644.8146845475158
595.7427518065845,-373.5371895948795
608.7315997390267,-374.08597687200194
726.2765912765685,-663.6563026961378
763.6967807358296,-638.3556414511723
794.222705822679,778.4583058010361
783.854932313183,-630.6438601672082
-486.82393506008253,354.57496888749085
837.0183646593687,798.6156462799606
825.0876755847682,810.1143375895301
-39.50600670931418,431.0962878060974
-513.6928696795718,-340.28281408645955
770.3245453073355,-656.5490454452319
-104.08278663256517,472.33116546970626
754.3590985665749,-613.8195285836728
640.4511443185634,-294.09805381610516
-525.0190476537323,381.5785427944348
-56.020715007718586,446.0095584072877
-558.0101585954762,-308.51849343040305
-587.9080605375332,-325.22140182974726
615.5053700163655,-329.0079329103261
-143.8380798204414,424.9506933118108
793.9458864978416,-607.3893101627565
828.7546735742216,778.8431535645565
613.6267047077549,-324.72747144684945
773.5260778995041,570.3142875804194
-119.22810921298006,444.8034063418555
609.8708292169318,-350.70030646774956
-38.36513916107701,437.7330692528315
-241.16095576318043,-132.91361138656663
774.8379268380808,556.1201226818991
-131.45040316507843,477.2111281935033
-1004.2369889751948,-785.659326024324
-1034.0583729989316,-774.7949859397651
-253.8689491599306,-95.16782675937387
-260.98806270862895,-139.572080185098
623.7191551636583,-361.2965862768334
808.8032731590137,594.7968463708804
-999.3615761882127,-803.6566958748091
-66.48131123918581,420.8818841274629
612.8873944748875,-320.9313856029236
-104.97223557393012,452.89597531532024
588.6371163308527,-342.7703972139781
-61.70987301407485,433.56027756932264
822.4575673589738,778.3217867328756
-1012.3110245749486,-809.7270985131797
608.4783836331483,-330.5328541784032
-523.3811634210667,-317.050574842282
811.5114852749845,598.982915018676
-533.4106449091764,-315.616818031463
796.1280080122679,-620.0473515462791
-516.3463811468499,352.0392957930618
-1029.3531845401444,-764.980553586922
-1028.7550427836318,-817.8073686193363
-503.72915986818055,330.7705173978463
-1005.4848376351067,-857.2204193302783
-566.4943266401015,-321.9890527944177
-134.47983479863632,465.54578467781243
-233.65826655691438,-143.11583845331762
784.2847488342103,-643.527131618349
-494.3255966081984,390.2874016631899
-994.0064757245577,-842.6613518802387
782.5211303910131,-607.4570371653364
-992.6116939111379,-825.1891694239343
585.1248879947776,-367.9145377001103
612.3818413525757,-327.90111228289095
-142.08099301306382,488.6619652621448
785.584279949751,-608.131996634315
-518.3410753619895,363.9651493903709
-210.82623527015244,-85.53902409055144
621.2761990335099,-315.7911940794477
809.1647472361551,585.8988469934075
795.3722983617994,-652.1672916733487
815.8696560189053,778.5328975033847
778.0511303426665,596.5056831387535
-496.0470247585121,392.82166987909153
778.7336670899689,-590.715670527143
-241.22887268333116,-91.62938204940815
603.2588178147404,-299.841117734032
814.2031530162692,795.9699289904981
868.3400047273972,773.4632320763851
792.0858549540645,-646.50386503121
851.047340554483,557.1318497042514
808.2122035387531,574.2316412621922
599.1224079913109,-362.83848766370835
-144.665964278236,435.5219566000712
-1030.3803422394142,-766.3510322715342
596.8573349810828,-319.6571752048471
-98.97714090005196,403.93363804417584
-134.29763204870434,474.7009676879435
-519.9247526105273,-324.95705507722937
787.6093615008073,-628.6237550933957
844.8057295068261,770.4665798293277
783.4210757153089,-618.0821930919074
-49.22276047932608,432.22456091686314
-137.73103662562215,478.7596135201477
-525.8518353049988,-334.1782036702195
-526.5413932955297,366.3749812131738
-125.61041074899045,380.1628119359323
-998.2469112043914,-833.6914258854291
-472.4704704111894,377.7348385288922
-519.777991371371,384.0391310583415
645.6986189975919,-323.50231306967845
-71.16564300861286,442.17523817759314
773.1366133810615,-625.357896888008
805.9654304006774,771.5014689930199
603.6450767238689,-328.4776394825359
-500.2393863087651,343.0711802884025
796.7905681430714,771.8720525675974
-150.9135806068976,461.5088876963034
-543.2640207728354,-310.02393545743877
-217.29896321220093,-98.61056714222865
802.9100845873505,554.8260168208485
-1005.0725361069885,-837.6007768499131
-579.6439750681867,-338.11839143830474
-110.50991315739273,410.5970409197703
