174.41332716478493,-2254.356447814742
949.512799779104,-269.02509987624285
210.1857219985056,-2270.4086851781663
205.84941428137705,-2284.9965467688103
-489.47832687864934,1528.8794113694498
1564.524992605482,167.61430550163772
174.72063869952964,-2285.074898578484
-509.4234413018641,1584.0388483232875
-490.0319467400871,1573.22799761934
937.7243398775079,-242.8617400091069
1578.214007437371,198.7473735746883
1586.288706796382,149.2781125336271
206.31200304966012,-2290.7192177216702
945.1476913992989,-278.44094766012046
-513.453121590549,1567.7207614262156
188.01152261654323,-2270.6602184281055
-482.2489404724849,1543.9616471624213
-475.96767477613025,1535.7028314647564
-450.2600008972887,1579.911400760052
2157.3678887797996,-704.3879640074691
1567.827164694131,313.90399910584495
-530.3180575561523,1563.9212399751175
946.0609187497295,-244.03101779918882
-493.34797922778364,1581.6426694166953
957.0769194718937,-321.2201139368193
928.1268507950474,-273.8352478265897
1605.8126009686096,236.17275471503405
1564.5375432459164,290.9413913833071
-466.30573801916745,1541.5549520349073
1550.0348542571903,232.83019018929338
161.6773062688728,-2244.514027312776
975.3943779291224,-244.08715396485889
2114.544788824139,-779.9757683800277
189.1838513096036,-2264.7065491513426
-519.3268240881473,1554.8158332343373
-532.9280722955148,1561.2866227509849
-485.9329897782552,1571.1372275666722
2071.3664849577863,-816.5271880013759
2145.384279581165,-838.0185986161686
-484.03677367344244,1563.026172305241
174.93583912447713,-2275.1854570994215
940.419849884385,-226.2823411672963
2175.421450069408,-708.3159225380017
946.4429744643121,-250.33317113340883
2120.4544132597593,-686.1864042766122
-513.666609236221,1584.0990202828298
231.7061364636668,-2264.423179459527
-466.81032418310826,1558.9468511393652
2117.996136014001,-786.5539463249694
939.5092934662113,-316.6603214011165
1590.083952456264,113.66465386136397
208.30348534790718,-2265.1948524749846
-514.2450543316032,1587.285711616927
180.20576425578685,-2266.849853559787
943.5152221044641,-289.79850356666964
1586.570557412073,182.51243804097803
1587.9188490415127,155.47094747272473
1574.7454839062127,222.39326002026695
1540.2650530933079,232.89216198906587
1578.816022615157,202.798049401151
181.5424414105921,-2271.740197854514
1589.1292670552116,234.24804371981682
2181.8716103189417,-772.2978900125659
194.8133965283026,-2261.962344078029
2129.3712750989625,-736.088638910283
1570.036387334848,261.95897569826946
955.1286197963366,-254.01707481815882
1555.852675818231,201.08715384644796
972.4952662400495,-248.9444898362669
2168.785023074883,-770.8384528031556
960.7308182358308,-258.27179793568104
1578.1718791060339,208.55529266839508
-482.5903828611023,1522.4418392446942
2125.361386243506,-821.7593251576574
1571.6784947005244,237.9074690701108
1574.1337476410417,209.68156019233865
1552.2720448119244,248.2359565091541
1565.0707566654835,224.56130557423407
1575.5998428692733,209.8371835742412
200.11652489734095,-2274.654974387043
-508.80769437654146,1548.0953140014062
960.5445098487824,-334.33746909347815
2110.288832685895,-711.6592225027985
2093.1014522859373,-802.4644622795923
1554.4234845397273,228.88132376236624
2246.9536447585683,-751.4481320647067
177.25356560989206,-2267.3847975937874
1586.8792352206387,280.3709624303203
-465.523060443008,1557.5071173966603
1572.2690987640385,238.1544814487701
2129.3191414522175,-715.5674928195021
2147.16073370304,-697.7898814011953
177.1707324528278,-2263.8145433386385
-479.4878112379192,1538.329016133516
1566.842424047346,210.8394674928736
945.4545558323572,-273.6191527918417
2058.6458457093245,-784.349544224281
-505.3691959647514,1574.1687754117033
226.49333551236614,-2289.087325057418
136.85748142341419,-2265.759335016011
2127.764909134897,-790.1481116666698
201.9645305026848,-2280.188061078508
2103.786283369397,-763.6136376484525
1583.0504744011905,191.37633914098748
202.7926047960238,-2289.377117849244
940.0931324274785,-255.86289981454217
2089.757268224627,-726.4799910865092
2076.4061985520066,-744.8373215904231
209.20474502211465,-2277.420993965916
1524.6180526574235,254.61986502813548
206.42519771066898,-2272.233020988282
179.93702644499004,-2288.3429413962176
1552.1926587829403,173.54109470950212
-525.7088553026279,1617.8705906638534
167.43906878557002,-2251.047346344954
2149.811376532604,-776.9500083203947
1557.4770957595506,240.27476772257504
-469.9594591290399,1584.3249569322566
936.7366235307433,-228.32660347710572
1578.1416039440385,195.693616670954
-493.99266577692873,1566.3989803244838
1569.052967315906,240.4552033606182
-484.6228982874251,1527.2984491137668
193.0043808143288,-2251.8036887210346
953.2212495620151,-288.9445148365085
2167.669228771988,-749.3797360515434
252.7880296324315,-2268.535574013928
1589.3603746891376,202.15878665713925
2137.986329914059,-706.5336002831904
947.1634262166716,-305.789232052236
935.3496995401393,-261.4274298055601
939.4755781406205,-254.49348726430742
939.9882336923786,-246.8301949812895
1565.530511320544,216.41287764474097
936.7506557893574,-231.03023227621446
967.740746599016,-277.67873833270505
911.9870362766924,-302.2415831376531
970.3438992214374,-198.06810047544178
-525.3738717969412,1578.12113438004
944.9014192025041,-236.4854268938994
2116.505709053415,-700.2717119670635
199.1914726401428,-2291.337162069961
1576.6068159790982,256.96716033165956
187.25471312980736,-2275.5458068015732
2103.826642748022,-751.1444482375462
196.89288105350528,-2272.993470339852
212.46933495060668,-2238.441950802176
-516.966436346181,1621.0588988972247
941.1569837044949,-243.44719340621577
-510.647644360651,1599.6871949883282
955.5603690105958,-265.7116610091032
220.24414922279692,-2253.437240251256
2107.1191463160917,-767.5287541527624
926.9853754031478,-312.5279159173299
935.3870387639431,-267.9109271272026
1593.1620587803534,231.33253886400584
2110.4638370301514,-743.6806962227752
229.05467535736776,-2240.4202965368877
964.6708698180475,-227.5338983516702
203.374797481994,-2268.1543977562
2142.260255509694,-778.1563158746079
948.4511781479927,-271.2253282192943
1584.9785068699437,219.59470599155702
166.88294765455416,-2268.8699600976533
2110.8866897358835,-761.5254850948556
-488.8554610500843,1559.7503349231079
200.4567465849083,-2240.4930790411577
-512.1143232215463,1560.0705795163012
-499.603247401672,1524.0772734455825
2180.0628193852713,-670.634668454014
931.30013679665,-249.55772262958786
204.86729242489645,-2248.512533095367
230.34350253111003,-2284.441894657148
942.0700965334522,-247.93521648921882
-493.4390547811267,1563.3095228384173
2118.8104630537487,-770.5326491861983
239.09139996484268,-2280.8347770549362
2151.922623112648,-770.8412552483152
946.3953764084491,-260.76376511778375
2214.0116707112284,-795.5216590626421
942.6333083670136,-263.2404562983441
937.4772929951556,-231.2521078468944
171.82448995065576,-2261.552000806155
1570.0273522932416,138.60326513293936
948.014854416731,-269.0303694365603
184.71970107633135,-2269.2973176724986
-442.7877972549763,1529.803131702054
1574.8098877331986,240.33435838285124
939.479746612511,-281.52680556955727
1557.7593864564576,224.0831062491666
202.42877450683048,-2256.958022316399
1565.8149460026698,203.88138082831867
962.1548521828221,-301.37342158012433
1531.2218846031487,272.1808641666595
2111.3507641583383,-827.5056274780152
1584.9512605718553,233.07844980349105
150.75752931383536,-2280.360336890341
2192.4827459985786,-758.8474702297325
-532.2781467362812,1562.489924647959
1565.2505333420404,252.49182017489528
2110.9971216093872,-698.1084971758817
2186.1891091890047,-704.6339405271569
1579.1832200937201,250.11425698172783
-477.8796384953881,1622.478199750846
192.0525214246235,-2275.5764140394017
1580.353149928564,189.49153022280643
2127.674745986453,-726.2431391371802
-523.6937893992455,1550.2499134308998
935.8430496617601,-218.6892076944312
2140.104119415811,-761.4050060433723
166.36613164078574,-2277.0630716780215
1564.4214515077063,236.76498692657046
961.1771275917345,-237.1887002012059
178.01055287900482,-2237.5736645392717
2102.7376374659407,-771.6152271041449
1562.629821790809,201.86246021639244
-482.8340502320821,1542.0932344488576
1571.707931251501,222.61905481993477
-537.3253292290015,1571.6178324568643
2127.003233753664,-760.8868362023742
207.47862102832184,-2263.1095888058408
941.6885693656849,-259.7242642940955
2149.0358551944005,-791.3308169202543
-534.9222778128448,1527.8623572162114
-478.97564472330737,1605.121084473593
2104.4192594319943,-718.7814870500905
2106.359834535167,-740.9846937175223
1550.0635054691193,247.61744507827683
960.1954180376771,-313.2913154641724
202.37605034005952,-2269.301034935004
2145.033215200345,-713.5674190969335
1544.0706615264412,240.8572126686659
196.29911040719202,-2266.169608998571
-553.5946628824794,1472.296966397207
940.2740889516863,-230.9437803165515
204.18999350395325,-2279.516609237092
153.51798721661493,-2306.016432653762
-453.711310542354,1555.8533602573089
956.0919218160983,-233.55836103110317
926.7123705832795,-240.8650860675354
942.5382042123545,-303.52566436494294
-470.91608225967036,1581.0975708121753
925.7864774417949,-310.7703295211729
-439.2393149345069,1562.4907772765528
965.1892814970905,-335.3548444435585
1574.219914464801,199.17196976202308
-508.32001280026185,1564.6322374865736
-479.4927558419849,1527.1418469743799
1571.2753881492395,254.00361925201307
211.44540030723522,-2275.5479841864894
1564.9923330371073,217.10249031094034
1003.6394628944533,-328.10564800700195
1583.0580866306043,239.50320356526163
181.53288418151513,-2299.9573446564013
206.74666699533927,-2256.244742186449
-518.6423738516246,1539.5178450203325
187.02775607016537,-2236.007508627478
178.27636646977996,-2264.910292755146
207.48371136315387,-2270.5615770518116
1563.0609514431044,155.9942626972092
2132.583352419761,-738.7734733607236
199.15940800951822,-2237.611702092713
2240.416941593481,-797.7614374496894
2096.1515469020583,-714.7359020620495
-477.97226846745235,1606.904891230294
1572.0798462036455,255.6057626426988
946.5739610859911,-268.31987366782994
179.93362798829887,-2279.8502672651284
-522.6771833947736,1512.5811207412576
952.3874064141455,-292.4834814161131
2100.0279730853845,-768.3646821463523
938.0178993239307,-241.35996313105485
162.34240809301428,-2269.1772789223737
175.60841306200092,-2255.2621652595426
957.6513764116191,-284.09604226694734
2084.0921155710207,-743.3588772165959
944.0310203497818,-244.62941952944195
1600.4707521927974,264.4302463376245
1568.9051329913862,231.4943595227948
217.55543120918782,-2255.133734597851
-501.34759799373205,1549.5731191572786
2117.2431620835778,-731.692411328773
173.4456665325166,-2311.4056351089184
2222.487923499457,-708.170471830371
949.132507506579,-299.75885040014407
980.2227704644772,-240.5039984356405
230.85713966887084,-2276.1714348581986
203.140879973193,-2254.1088280047625
2074.6915389069623,-722.6748185040344
1590.3565031279338,222.51709949870457
2161.3132671681747,-760.4519004620752
1564.9339537721748,257.24461949555837
-492.2172957135102,1534.802954481278
-498.0097671439269,1586.065763657512
-483.08630822490704,1576.4721316091352
1543.33588469332,229.17210619738307
231.07542085593877,-2315.8954579067477
954.7887545183058,-291.5768735971786
954.9173869099034,-265.9998839006321
-456.77276782807604,1540.1547667319937
214.5860850093545,-2269.4520294693125
930.8122132555166,-278.43689001622965
-476.12262474728027,1553.256426075708
914.8184332135829,-267.21523338992085
200.18447797672403,-2271.656049570676
-500.20296565104536,1546.5113455723902
-469.09879451967225,1540.1281760129773
1564.733204872879,231.92677320286455
-471.5587095393564,1544.262656936428
940.9028445241692,-270.7007905144129
-450.4801824215842,1534.5579814143416
-509.09794893663354,1609.0404476526812
1563.394172649649,222.78391831728484
1565.823190591149,248.17324884032527
196.86905690819663,-2260.7881303121017
2166.9458109564084,-736.867251877139
979.4845596035985,-274.5871733846772
172.688047327721,-2277.849525905272
943.0272589168459,-210.34543112247806
947.2928755742938,-217.9482061170069
-491.0656033921864,1530.0705859976022
926.1572428491817,-334.3028767531485
951.0970364047921,-258.9052855204
981.9662300805943,-305.7966344722512
955.2821537276171,-288.2179115980505
1596.96748384853,262.3467234076265
-530.1169639162499,1514.3060420800455
155.9006135680888,-2243.2547601672095
2151.726213984582,-720.6953047167235
1565.811330808757,254.29275987166963
-493.20775171642066,1589.073165182566
1548.1333836027547,197.6376868275409
1561.5379741234651,199.0711912681688
947.4682690534695,-295.40467977402426
961.3615424940232,-280.0408345315551
189.9114947539868,-2260.450065392837
1560.604524282932,246.4653773794936
-517.6393920977655,1544.8315737409628
927.2777125020074,-251.5401588280453
936.427629029766,-300.0889086907105
1587.149651670361,146.4079090739558
2129.8402828276335,-713.6832535511636
2116.314439272847,-760.63234989465
-482.6408353894156,1612.2473253769708
939.180015891505,-239.94981332750703
175.27805800896724,-2260.190747521913
2126.233531210684,-809.8835972411642
1574.382484123147,186.3539556442812
-521.2938714999652,1532.776617241377
929.3810561747679,-304.9116351673873
191.19659992483454,-2271.4879906910264
1586.0799588618609,167.90683507621102
2128.101519683288,-753.5009988348808
214.21404253464414,-2278.7346114889124
2146.0651262539463,-734.307483609273
-503.29599471875457,1601.0769455010072
-514.4832969485943,1584.5817397842964
2149.0274154013105,-727.3592832283447
184.44460929418727,-2216.8972210554316
944.9211129721102,-273.9205638038521
2126.893499430612,-712.297343468695
-499.3175733403081,1555.8388595989477
2124.0972917232716,-791.7385593554791
-502.7671201835665,1559.7165539449188
-528.5525066406848,1562.6223064816434
931.3292476145702,-323.63808168430216
2129.462759433401,-778.6672236475781
931.9841009036855,-274.7469160751928
2154.4209712413367,-756.3249132006814
221.25773610935366,-2259.7786506449465
-474.3195916561741,1550.0294590294982
-495.27241107152435,1574.9374570355644
177.2958511695088,-2259.820252594924
178.6733517166954,-2255.0927477263335
1540.5858325273537,306.1406590153439
1565.4383001168871,168.5243983958886
-499.70557331515164,1541.9180058960733
2169.4989983415276,-811.0136396938943
2098.806970980844,-766.0360810054032
-496.0621941770934,1589.4825396926017
1590.0447042706608,255.2414266972313
177.6129634545237,-2299.563175930553
2193.078915759914,-714.9392506149159
956.2145714838484,-266.52511968588175
1587.0646891280744,188.78273339968658
209.52866291981454,-2245.3281590763813
2164.014466337809,-694.2116357306279
-510.80293693960783,1502.9369263472756
203.3026878198124,-2241.8638828424655
1540.7299379642595,199.7817349609965
2069.811670750998,-691.1282511492623
1583.0663290637406,142.90216338858968
212.98389066272046,-2307.317100963988
201.3210373679173,-2276.9381550649186
1564.2755809178025,244.30465173638987
2129.7019408993756,-741.5314620180008
1555.123539872485,215.62875897911152
942.0142179665623,-227.356165849518
2156.4253680926663,-723.6952323728964
-513.4016973656168,1528.2830814388617
1560.9164215484639,170.18997619050367
1585.7128221290138,234.77428654005126
170.14268616169736,-2243.893433917095
190.01980396410474,-2279.67177512716
-534.1944550220776,1557.6207339993298
943.6857842035589,-245.46492071147017
187.47076581055995,-2274.9776656273134
2178.944280842646,-747.7996318826537
2229.5205654947363,-727.5393507527075
930.0109951440039,-284.6890906590234
183.66854302119725,-2274.6482955033066
2121.1462046555525,-777.2262620879794
1559.8674483499453,258.4524335266373
-470.41837143249035,1568.7888166453054
-486.39815639445345,1511.3417620713756
-505.82496506363606,1531.250821544758
-488.41889678762396,1560.750552071268
-532.6588465752203,1497.2405219567258
952.387955654451,-248.1636635653483
931.2773420902179,-273.81734354997195
2171.2101037130055,-725.6315468616383
1577.318847734824,248.64512989233558
951.1600742126834,-304.0303043413753
216.2836255945839,-2269.5746212881527
2115.2283934600637,-725.4728368753966
2073.2090102569596,-723.3431269178568
192.9312332637776,-2272.935818614912
928.6468238995183,-279.10448279013525
1571.779549497803,278.3286194291202
1543.2331897367037,148.74176303107387
939.0262000867963,-266.41835384686055
-480.3230430290707,1552.5622644323096
1572.5986977110554,208.81164830002064
209.04219801223886,-2298.2471197466907
-492.37012933004246,1547.2321324164286
2139.958140519007,-781.8595948522089
1554.6814246463566,199.05644794800176
1585.8764558517228,285.82907000010056
1587.3956420810853,207.79878108299195
944.3153602669904,-253.07912921031817
174.01591795276667,-2304.0949476263945
177.16896486486715,-2275.7692170004098
-487.0742788332982,1559.8643482407203
2184.680772215592,-716.2993911180976
169.4671245800477,-2257.5419877338995
-489.98495966192735,1529.0853172010234
958.1717369185403,-237.03124908436294
-483.8275733890033,1520.2289455324892
1580.8234714599994,213.62007998024336
-509.9107127812111,1496.0739653756136
2134.2056324743157,-774.5771128347186
1574.5102612645478,213.46146414099684
152.75844997753572,-2284.088778602509
215.87690631780492,-2260.117732570468
177.63918116822873,-2249.530045244754
942.199663979303,-192.6645649424542
185.6429923343671,-2294.6205037070818
2171.344008181834,-767.3373901868754
941.7225729682622,-206.74947170998263
-511.6475680347294,1557.3328582551758
-493.10552841144323,1574.2095830426067
-483.36820162144187,1559.3426295731563
-528.6483060016302,1607.7557972461127
-493.33431740998526,1533.2687301223646
961.3852076539177,-257.62207874362963
1591.192946335652,190.0083413680108
926.6533602656392,-278.02932072758057
1600.0295010390037,256.1733822782413
944.1701093856077,-244.5659489434562
2111.308397856598,-804.5688408779512
2154.2520187786204,-753.670259507196
186.15292688618493,-2265.6167363811833
-472.982974162366,1550.2476713295744
932.5410525982171,-267.1874257058922
2119.6664945978778,-749.0452713583625
233.47349617556765,-2254.8638017922917
197.0871258155608,-2290.4703097691595
940.3319707667214,-246.49494483230296
936.0955291467264,-307.99262573341144
914.4989759389754,-253.7171897999937
963.0742099809235,-325.6052622904781
2197.5988619182376,-765.1998717849101
2139.09470472754,-802.1941924463356
-482.339870315404,1527.970573415601
2141.960126174279,-726.1233105188132
-509.7974405489674,1597.8736163150463
1608.3886346122554,175.68054347507228
1543.23992789909,231.8605966973888
918.3662169659347,-244.80826800299016
2146.273273242541,-766.9394074760047
2133.149319579032,-717.6093903697152
2124.0846861016544,-709.0101848534426
1587.953091081154,217.35933871385035
934.742417078767,-314.85122999155163
2172.571439434047,-754.7650008613949
975.2153979747098,-269.21943276437304
1566.7361511766385,215.85500127543247
1596.9557323638892,150.27437210826332
1589.227385132806,207.16480989830535
226.78914646419975,-2272.4690471293784
2176.6276915598696,-796.7722835408938
-488.6966524238974,1495.105076759631
244.98765642515735,-2265.8643727686785
-500.1973588399731,1563.8960765250201
-467.49779201394995,1522.4794820018128
185.15411241324733,-2291.5784861281218
-497.3216437126755,1486.5310300219226
933.1457179094631,-260.85896672371496
206.41663724265115,-2243.8826446394332
917.8581188872486,-234.5341267574362
1563.2984213835116,236.446177516312
2150.702135182741,-708.1594690207252
218.84585974880162,-2250.1049888960265
1569.5787792195397,143.52507557586702
928.254427242235,-255.362879680228
-478.4625086850759,1580.105638282313
198.7903535765683,-2248.0486854322235
1570.184508848183,175.1441010496379
1587.5353255219466,168.9930454564287
1570.2710191256706,201.7830058887395
190.3436294401855,-2303.7473062174554
980.4868808153407,-285.07003113948133
1574.822674292915,193.48435492360596
2194.004358609901,-754.0589791834817
-476.12151968559397,1510.9660624644016
1546.6271295146319,196.7333292259884
1561.0783272756962,204.66135037350222
2078.404937361043,-788.7923278493789
915.1123441719056,-218.84486692671203
927.8814694643889,-262.8269585305449
1543.6893388006038,267.0876811548873
173.60207405504545,-2272.6858324077502
167.08978098546882,-2260.561933984474
1582.1059942175957,221.3991070505018
-488.7836273683035,1530.7393377610713
1585.5129556746263,262.3630733929084
187.32663917521714,-2262.0415447401533
173.2551638086609,-2232.363237773027
2141.8459359275266,-739.4441837018801
2121.5536262052283,-728.4631840249953
1593.3619247851366,173.6966740627057
2157.3159014207927,-746.2622792109813
161.07599040646747,-2285.5035834505316
-550.3509704430921,1523.9741054397725
1615.7861624643915,149.0208900950051
1549.7302684235403,211.50264474899467
-506.3274594450091,1605.3914195715342
1575.4558359989999,159.98383150907463
1556.0961946995064,185.8587633814401
2123.5866947050818,-791.5391346994357
2101.677079561484,-723.2288179766032
184.55191608883885,-2256.231132062565
935.0792036942598,-283.6103089840049
-452.3119585678259,1601.918963802782
2134.0584208418763,-768.0004343831205
2164.5711452434625,-764.686788617613
1580.9560531804007,197.8368650898666
1597.2610464556055,160.13869279089175
187.71402170442136,-2267.84339616365
-492.9692575013191,1485.8808999341227
932.709017513816,-269.9584571792579
1577.731104923776,191.3980384389376
2179.036890014885,-730.813130168303
169.85230811625374,-2252.807903711584
2131.6855928658447,-763.0159367918845
2093.490978016059,-718.2428881317068
-509.27150545327345,1544.2736702604666
206.55859354316246,-2285.8611151849527
223.76274905196345,-2228.7326159817403
-481.0760079643067,1583.4420836152658
945.0932121479293,-274.1209808471712
1555.6693021713656,219.2705479531953
-454.98875181718284,1605.0418804478757
1574.1212243632906,216.8388373367602
-502.80954047120474,1511.2096259595933
1588.3090148024496,224.3279887917821
-497.02634818834156,1528.107152822355
194.55306525230182,-2274.773630319781
-478.64287257300765,1580.128372664978
2118.9843967359775,-766.4509207545947
-472.0590369270691,1532.5696676122218
944.7503157171516,-231.16030232318812
1587.4444380256245,223.50611454343158
163.62292692581485,-2270.3306775153874
186.6545519270197,-2269.429692114411
1556.2808422796245,250.15971802594356
164.24846711956732,-2270.229778217851
2122.0461765617993,-684.1861236047591
2191.966448732991,-700.890669478807
-472.98300897614473,1545.693765510157
-459.4180525251277,1571.4336443264272
925.0559947412887,-324.5446324537319
2164.625167318099,-740.4461457810311
-473.2922927545604,1581.7719811202658
933.0130611202716,-214.712517350696
1583.4883304647287,250.96130721443902
217.1956309070322,-2285.0676566657694
-523.6206405791422,1571.689085995009
-484.6873327354719,1476.8126205429778
2140.6764092576677,-779.1543789857734
2183.0871561459257,-735.408516277472
-450.38662632027825,1632.4730795804414
-428.60724956111414,1589.8325492272782
1573.5140825235308,288.72032946779836
2074.659246305209,-744.9351993943577
950.7006029182946,-301.68202810652326
949.150620504147,-306.26662960706494
224.92385041253075,-2283.249353687193
2121.5604508841366,-782.3011494211527
245.6275969278554,-2259.6615823490706
2081.4619477298374,-771.0752349035982
-518.5594159262323,1544.166331094432
197.32368313039134,-2251.7419957141274
215.23098807798783,-2280.994972252958
959.0710904304493,-230.74757895103568
2201.6713395869015,-714.1683914270327
937.7540997617652,-304.1153664404379
209.2200465268204,-2263.929896478754
933.5593566671773,-273.9439105269075
939.735086181831,-312.87263007622767
180.93048885528415,-2259.9191510372034
212.2056309844881,-2274.0295292477977
956.8233091587772,-264.73546807585956
945.8368959019783,-256.2594337198633
2148.2187370443326,-772.6602034329627
943.3649691058513,-307.59688635333094
221.35736893956476,-2279.594666901372
219.93808031028934,-2268.9655611055
2131.148471722338,-749.7503751819432
941.644722884326,-303.3300220251329
2239.309853951786,-703.0912147295555
2137.7579897197284,-774.0842512473203
965.8060788714562,-292.88511022011056
207.78226373646197,-2271.4600768158075
220.8855311512675,-2303.169127200777
2115.2869559887085,-751.587934528309
153.40860289891157,-2271.165931446048
2137.7167853752117,-724.3283352808135
926.0073031681513,-233.66991415398454
2109.0945363936603,-786.8872956325343
1585.0364716018164,263.999987797605
2058.1900394811564,-731.1774034013499
-481.71553084487357,1559.4663767857405
140.94104922186793,-2257.2462187708243
1585.2722195450885,253.4623850443301
1552.314596435964,197.86248221968165
930.1063919479869,-282.96681078782245
2140.1257763002413,-779.2749777341626
2185.85073659475,-677.9771805957405
1602.5086750901048,246.450195760986
932.8932237992873,-260.07883018403874
1586.1901517070507,250.74168198300197
2179.177693413745,-706.8314629002783
184.5297344221534,-2247.0815886032015
2142.2794925815733,-693.0769836139639
911.2141082147335,-212.81850757925065
-536.0161757328194,1571.4052912635973
-543.0661481980746,1531.0661409960258
951.8999482848675,-290.9392740186299
2143.725126852027,-678.058704204623
1551.3455290278755,198.6289163109134
1581.6028425807556,296.3759243949951
2132.1276412069983,-737.8788968894811
913.1043048037618,-231.48005833720225
-536.8674704542832,1599.279869357305
2173.648809455273,-720.3319427931804
1579.5011099298877,242.50140195187674
-487.03147167999055,1519.7177881136126
952.8458954926323,-304.79604522215146
1558.1997729952068,238.55820795282892
-494.81703213570813,1563.5072615322736
193.61918275251682,-2249.375011168171
214.64453090519828,-2255.2360592137343
1591.5585831375722,215.82932532814985
965.7606448426338,-307.58988020444053
944.3684090707442,-282.2570872616671
219.1735669001253,-2296.5652896522683
-507.7767298021823,1514.6017892730665
2090.9053374764344,-694.1885643260392
941.9274207697491,-267.5508518594488
-485.767883933459,1558.0094463725816
207.52767576512716,-2306.509993307516
1581.999743660703,228.04776929343774
962.904000479344,-278.3436918597735
1557.8241550115595,273.60821509404605
-506.041102508744,1594.0291402821747
2068.568811549599,-776.3778180087138
1555.335091935871,226.86468561085218
195.00002696056666,-2242.5377834817764
-501.02484398234895,1571.9834511769195
2166.66642704075,-693.3965209213236
1555.2280516188994,248.1938096476501
166.86553263569064,-2263.9335046108117
2134.06888340282,-790.3504470997225
902.5606039721529,-277.70204927195334
1550.4620442088167,210.12817065062518
2168.485571329767,-739.6687178004303
-481.84946306170804,1579.9586888053057
186.9779808929173,-2270.5859849683043
219.56550067302172,-2303.8471300452516
1580.1137851732678,231.6689773884014
184.3020472653132,-2287.16529979547
-507.9811022354647,1569.0286290796394
1569.3301240513033,282.8075917634202
207.22087184538665,-2277.736362401212
-471.8075444993384,1531.4105524377167
-468.15386170295653,1579.9659000818965
939.1248276201192,-256.76606750122437
2161.9640222869452,-741.5314246677008
2093.5620412391463,-763.0443115321887
1562.9289126606843,289.8617458238729
1568.2306736900002,158.91522326777022
160.36907785724912,-2260.774771359931
1599.5754367332597,174.66733848993812
1554.5514194658078,173.45217596215127
963.5538209860505,-284.73452503910465
965.4654784295923,-223.29479340538003
932.7996624072098,-311.2245291363901
1557.3029680822378,234.16640075972438
1569.002660105912,231.25965425407813
207.86613465267135,-2285.4427034050527
1518.4529777757996,263.4468670874228
-490.776396579257,1600.9053343601413
1557.490329907021,195.51864798119368
182.23667422199924,-2304.801089842887
2259.5213890651166,-751.1505737476548
2142.259041028487,-712.2281645103204
-515.4697929777883,1540.755855275317
-506.91155070452567,1585.4649848861443
203.91143310357313,-2243.792184416721
965.0959540649291,-314.87116409006194
-506.7526553599004,1514.0405917120756
955.2301520981038,-339.0290520179961
2055.9714459740853,-772.1209831196498
1565.929050457533,249.8249576282913
962.1100300450507,-265.83124047706184
-453.3498097615597,1556.4781424641083
940.6742153286672,-279.22295551374793
-497.9196480821625,1541.7662231358972
183.86804960543384,-2275.828884793592
-519.1522311030203,1561.6085733381876
1561.2266216993992,243.84825705781617
1566.9405547368547,269.4552213943779
-450.20000503109617,1551.3199240165754
1591.8930991836007,233.61769457661813
2162.7875637775146,-735.6287488649857
1574.126213720415,186.78890715184167
2154.413057027895,-761.006322248489
251.62773032312458,-2310.293527035501
2242.155526881247,-737.9863827928101
-493.95984905351924,1575.9215232292129
964.2071470540118,-256.2234004483907
1558.7081499249593,180.03773291869103
2139.781626613523,-728.636423556588
1570.3805291444446,219.7580978446983
944.7542624097214,-248.6096365790082
-516.0238593113437,1529.8325256292567
953.1859283146208,-251.84607960787915
192.59786120267486,-2254.714169606314
2127.7941685081237,-757.5873232849464
227.16823346571474,-2284.1550992281454
944.114865867316,-275.1348472037732
2140.971648038335,-683.8216430477553
145.6029956959515,-2277.573827899087
-502.5008262997614,1520.7648934646938
1590.7867065362009,211.9084334385494
2120.2867439541096,-752.5687002321247
2133.8874781756926,-812.195812861209
948.829855093306,-232.00280396013028
1576.5857058560453,245.915977278399
1559.571449675883,246.2428321078598
1560.5649702401297,260.5355617380524
2211.5157685879867,-775.0987193121817
944.1431372084695,-277.1527507019769
944.2615958512258,-269.9071340748528
-500.05757124292955,1536.6852986456572
-490.83702268359724,1579.1604666014355
2101.151610333782,-751.9262758030284
930.595662334721,-264.89829852435906
969.0383448328668,-302.72522773981115
221.4229829856364,-2279.757370066399
-463.7313435550656,1563.4323830951937
2095.7207105717753,-687.343341644719
203.6270227825768,-2259.5307491414846
178.55420953665154,-2277.6421516317614
927.0326580906703,-310.9788786594679
937.1987940980514,-238.5973747215564
207.52334083691807,-2270.4460923415595
1587.237487514555,255.81549773553164
-493.83021494864647,1585.1394614463964
912.9191747014622,-272.25214160967215
2130.0711659642843,-680.1833854269084
214.13058496087842,-2285.7531883905795
1599.2687213454083,192.87750788042084
947.5729033393359,-217.40358304782308
2147.2264012185547,-827.6568861310856
183.2255043010205,-2307.1707248553967
1563.6953122754037,166.26948213829814
2160.1738910921795,-726.3475312730903
947.5232011201248,-327.93568804284354
-489.5886923360504,1619.3329282497739
-459.93479281248733,1559.745126945592
2133.6575733665195,-710.7766467797786
1571.4530384232519,184.17684855074904
-495.88780497941167,1573.255893854069
-466.896982056962,1551.4303048396564
2142.7616964590757,-757.5676017000952
-481.64109191654074,1577.1494330176652
939.1663469852945,-247.61953707623218
2137.94086790038,-682.4495974102118
-535.5424514090993,1566.3254281053635
2097.663884225852,-750.0576129765172
1583.8096686764782,219.57671189706736
1548.876435841294,257.2406492642121
1573.8861437269622,235.8900108043979
944.5432966955641,-215.0629319752707
1579.6899623278289,241.12304488752653
163.95376357563964,-2231.92110265034
1550.4835922085758,255.86386642595556
2165.1485186554914,-739.9156228551783
-432.37269239962535,1584.8131729321456
2111.2245837811856,-758.093677742374
942.3696524039519,-287.71480239440547
-467.31121700543395,1588.8843542755305
213.86050148715043,-2257.090624240807
2093.6617192605368,-688.5703102481707
1570.9001974350379,230.32275924988048
2203.6586192938535,-806.129243393496
932.7135445309785,-278.1349064392087
960.712000163743,-251.99200344420532
951.2966216737346,-300.17022750638773
-498.6815267744258,1588.5866983515516
1579.0577179693682,208.23446607534035
931.0557004862972,-335.33151109323404
2072.1275918414567,-827.3915905994068
2123.9177792859473,-763.2401011068856
1565.647757099748,206.41018783960845
171.86715393487754,-2290.603671662737
909.3044496864668,-279.4392701580652
1589.335775229464,214.08198791295533
-482.97158880182735,1496.5524467801354
-506.5671228594291,1598.4473208807415
155.6239585914102,-2227.885437798831
2181.985131308186,-758.7862490600355
224.47312440363197,-2279.1366410923674
969.3161592786164,-236.51269310966393
942.3803941504981,-295.74090725763523
2114.6622399033554,-802.2600304512118
-488.52607744345846,1586.5324540870467
974.9561011727566,-263.94912334106795
2173.117491384145,-747.4600895794384
207.56611411296748,-2258.584597919165
950.3404460215069,-257.01517681396535
195.65970090677035,-2258.0308070986634
227.18290506581377,-2261.193011624508
1576.4939647796573,205.67326968584211
1594.7287707969836,166.631269654872
182.94646597336254,-2302.533050843112
-524.3871080930103,1558.0859349321088
927.194768330295,-292.3901506571
181.65022251107433,-2252.026322654558
-515.9486802915956,1542.3196522453966
182.86851399079245,-2260.4966165650762
194.81731824906942,-2304.538282338247
1602.1011660283075,154.93696920097273
1548.1914708586255,240.1658352241136
2161.171891857135,-786.5677260682099
229.1794546184916,-2298.941130849271
2056.4882427720745,-752.6398800627549
956.1845649581779,-232.3551811659985
1584.409549532416,189.48915831871216
-454.51809379654065,1575.0716528858889
-475.9959905399154,1499.3678260086426
1572.7815511151944,232.30029921356936
1559.3841098445312,175.8727239327412
1575.764130205992,200.9253324506533
189.60668418455188,-2230.3196019949737
192.65737505454763,-2275.5927759720603
193.44717306036787,-2260.7204877087365
-489.9481911303937,1542.72564460286
188.45058325679423,-2270.378589731851
924.5196720619743,-266.003381600887
-514.74128778124,1545.045566246769
979.4224215457629,-226.4169040693837
211.87518447541652,-2276.250101702708
203.7127237645148,-2281.4829355775914
950.7333876419821,-244.57819602698027
2132.2951026977366,-801.6330766021529
921.1640437017795,-220.3755943287057
2168.17506513684,-797.6957605278524
946.3491066682957,-257.7937107780488
2159.919897825788,-718.6272086238881
214.577026899403,-2292.5193540220976
2095.7999520154817,-736.1426318717203
1571.2572357059532,179.0255786887276
2054.122356051023,-737.5775570599047
2159.4042180632428,-766.1292896440343
136.5711498465017,-2283.1757320321703
1601.776771489416,189.11010485229727
1582.0960466267177,245.49394465439448
-533.5854470674723,1559.8655584240055
2118.941967149229,-819.1641430215243
-477.4855244656247,1515.0407555877396
920.0640069773591,-283.00144847953555
-503.1132694394977,1526.899189471772
2186.2333275291317,-730.7639513105712
975.0462614978737,-254.97982114861458
960.0652270002491,-224.6000329541032
2097.4257027104477,-806.80524323615
967.8374498894822,-326.9831069121052
1553.6032068968555,195.22330862869168
953.4946230496691,-316.6695786092829
964.2999036632891,-216.15186471643727
189.70983017010593,-2288.203011436422
2174.819540989262,-792.5081512845422
-452.0063382094174,1551.9572096302209
2095.864898210932,-746.3991761683965
936.9206178492766,-250.5905701547022
-501.8669525145713,1554.0858615621046
-520.5835428338399,1586.4490827026684
943.800218594623,-314.48870719134993
948.7282855990518,-336.7225242857668
1563.591401743161,218.8781666039812
1568.993635909458,237.05253687128058
-549.3986207507226,1555.5006224977262
2118.339322272807,-751.6985434963502
1565.4765813051035,276.85692064887223
1602.3916897187378,235.67909202433927
920.2243773011668,-288.79176722399154
-464.77962741195034,1574.2905787302398
2114.027411674792,-712.1291509739638
2114.668781209187,-741.7528686140267
2258.4877919201217,-701.0505280871201
2119.981500032727,-727.0420584571738
2103.8203971518415,-738.4823914936952
1563.8724277498272,245.13511352619415
1594.2522535072644,259.1454942937154
1581.1712139988722,177.11491054374798
193.2147242941503,-2273.093318002571
937.5723666330423,-276.16389960163747
191.4542265161509,-2282.260662923413
1575.2593719063682,182.85799599132292
937.0292061619434,-268.60941262865043
1620.1423126099899,240.86045542804237
-442.45109467980865,1581.94447776319
181.28529495373888,-2251.201247866539
-505.63644127043034,1669.3524750246397
2179.917196340007,-771.6002432246416
-510.54361621574924,1624.1065296225772
958.3574696212568,-259.75536076848243
1578.4173794800863,217.12619799224473
-471.97321866887717,1528.9772532596055
196.39022830530018,-2273.747126263716
-558.3337764982818,1560.5680007600752
1558.5367624930468,199.7654402115342
-454.5949239458467,1536.1775689811075
-477.7142633188663,1559.832973110971
-488.241641464655,1577.9309186669348
2151.9135218300603,-770.5623926995213
2115.887545910289,-763.1092177436483
922.6334367494064,-205.85317794870383
2142.0045126382197,-753.8674434731003
2152.0676391502184,-767.6398901126908
2175.5022798697414,-777.0325236763556
203.07309218158466,-2281.9531314081473
214.81837005651943,-2269.0450039477396
933.1222004236326,-291.48580527292955
2132.1110613480764,-733.157442337311
950.8622875781715,-277.0854990388198
937.7440055973822,-272.0336621586728
1548.8955441263083,241.9000772086264
1560.860207556824,221.72397000793242
2088.8292831706126,-730.4923095997408
942.395971387712,-310.3731266890025
944.0937936720783,-304.1145770156568
947.9179152032538,-296.3551387709626
1580.180238817479,194.8894659244329
2138.4481982495367,-750.8048999076283
950.3042312022368,-264.2937056164807
-509.7289747712362,1581.9174167401152
1557.7919302202688,186.89134584665177
2103.460499904,-793.5071183637485
207.70681532606844,-2265.1965538621325
189.76842762011327,-2258.684515014834
-468.93523226138893,1550.2051416294707
-513.2304441862296,1539.3111363754392
207.44517684188352,-2281.1943840966137
209.5765411941758,-2292.916735591674
2221.2274053374194,-731.1673056763752
189.64603576095104,-2264.0138691026996
930.1313521698793,-278.0122525811183
226.37283629222998,-2264.6065535193497
930.0691188381087,-318.5299251403259
944.5858702103476,-269.5276169517964
2126.897452216946,-850.2821069126536
-520.9384924336503,1538.9492784514582
162.75021790688294,-2270.706128993833
1545.4696680098675,275.0034892663907
1591.3967925413865,172.70035586920955
928.9939098063152,-228.40407522809465
930.0920410050568,-189.71858067418043
929.647989561729,-246.35692017501103
942.7620711839219,-337.2568803722361
196.75667606723212,-2279.9106105446463
1564.038145088695,225.0535423361093
-519.7529804497989,1584.0429569924459
1565.9496738806959,217.7452913195973
961.7535711752595,-282.1167976202644
2075.918035033316,-716.231683479462
961.2435286590077,-269.9201715256722
227.88826162658106,-2269.0139882187245
194.09685783524273,-2258.3252181252524
1583.251354059147,204.7455599406369
938.8460704521655,-282.0919045982931
926.1757472515226,-278.39566480234583
961.1626724282784,-228.51648061848132
195.73389495332069,-2282.4396464531255
-478.531503469584,1556.7540229740314
-511.2539864677927,1539.4974920755535
180.47719384643116,-2295.3176612451643
196.72980069190874,-2242.270004891426
958.4452397020056,-238.02893905314787
-451.77885894051747,1570.511676505073
952.9872156210724,-243.31253061519638
2136.1894070566314,-772.9095928335446
931.3987146023173,-292.8476965310499
1557.2333415502214,197.6357903102059
1602.260410016072,227.40464090536608
918.9330084500261,-279.59451383960385
1598.2320309078427,276.80496099531604
2131.030182414975,-766.7188617078865
940.5163068857072,-261.6905773848338
-492.4071855167023,1493.7300200370114
207.82313826487825,-2260.9675683535393
2074.8838707652703,-720.0417815631317
-499.4317917035854,1586.033065868331
-481.37392683276266,1585.5481017701134
943.558518147114,-276.8082574605179
929.1748665076672,-263.640177758955
183.99432778855726,-2255.0305476101876
189.9966060533458,-2224.5506022438467
1566.4546002901072,222.1737034820145
195.10887063403558,-2275.2551686787274
949.5233509914978,-259.4266806404911
193.0665703419401,-2259.419187704594
922.7776045067626,-271.2318488404102
2082.9175209353834,-702.5736335115812
951.7907532632321,-256.6572678989994
-478.69487093668545,1586.611348315323
2139.946389711115,-723.1442935842313
2102.944764365386,-720.7780032120827
2183.2835530898287,-743.4033379406843
1569.037191416779,176.81372846060404
-520.2454696036804,1590.2300096952338
193.86216152534053,-2256.7393627859497
2121.3706427397083,-761.206095086206
1594.3491567939968,218.53430297565166
-459.2941503503132,1518.1168961880237
2194.498615961012,-710.1973541661837
960.0709158896353,-279.8365202081323
171.60948517706663,-2279.9840803991974
-510.4309389066603,1597.6781402591255
2156.4255654816493,-747.9758390191207
203.67082745654795,-2285.3888857442266
964.5135048613132,-261.26739977704267
1566.5976207247925,220.16441107245439
-516.276639184112,1553.2164226306654
1573.3213735914753,198.27724487824085
1577.4412325603375,197.5988347733589
1569.6307062280182,271.79196135839527
-494.3944240483733,1592.1179461363304
2092.2789798643507,-780.0607546252556
-500.3036503448485,1575.5410912386808
943.7852110115716,-271.4989303767114
157.61420484906284,-2243.1759219678142
1595.7918336749603,263.16477282329197
-447.51657057030604,1533.3562546344726
1546.7387101157692,261.3552604329541
2050.7855713338345,-742.0150672374568
975.0684343567032,-262.4629537319966
950.5662404280307,-282.0478748508054
1592.960865771743,261.5607133230108
185.862431159933,-2304.782566494871
217.98867520428928,-2227.7420231899955
982.9650456057719,-251.6169561386513
970.4996167201217,-280.8570600188598
2102.430251167968,-763.5861268882092
1537.472434639832,193.60323401477174
922.2940398495714,-224.833501248945
-485.04058820290703,1576.8446763392374
1556.0081486480817,185.5426688673262
1587.0485059968275,210.39499536715317
1568.4561509412626,188.77419696415078
926.472953390944,-258.9615807852382
1574.2406947622665,232.90306856887517
175.5294214579395,-2266.8939168537595
1541.3693383796506,193.550470934858
194.99203958333436,-2259.084087805607
1551.3726665162137,145.64756771506748
-456.3929691906952,1513.4151020337897
211.62257016424363,-2285.239318338325
198.46883767940395,-2293.967577085702
127.65819464935628,-2260.4609281561925
194.01063265313812,-2273.7039433944838
2155.7929638329847,-737.0120397129784
979.8920503761499,-306.0638330808202
963.7652620642451,-311.36352856094993
-492.9516647768912,1590.0502720750117
938.3991935731945,-242.47229405362705
1547.0911870130763,195.09283765170454
217.24022784760433,-2245.5053986717603
960.2502528270056,-288.70353498251313
1567.8062501848904,266.69728956585857
-470.6226650415612,1546.2323279963123
1558.3797599587942,225.57272094973504
197.8166397403523,-2291.8550296860853
-465.70846463481536,1544.1213963188775
954.3068019390398,-295.0306838087362
933.727703805986,-344.28540756394955
-492.83524281906057,1545.1530079130794
2158.0817965575548,-817.7324135499156
198.1625931505536,-2302.5523600140746
1577.4090324656934,226.97273520979874
952.0193777469818,-306.16028514373875
199.39052639424958,-2265.4704884837515
-496.09786129640344,1578.6395588073274
1567.9386790568694,271.5570809230346
2113.2432969581314,-792.154376258145
-508.09434887327575,1537.813428620624
1569.508863025975,209.6019982977722
943.7396541860174,-312.35442573275884
-537.8354006439267,1594.2554383492063
160.10178034572738,-2269.9227090600175
156.26392495996282,-2275.62524790213
1558.0658164942104,270.9128592275312
-481.4055220309433,1571.8252429043105
2165.2552117502314,-686.0414938221843
2119.0388510631947,-734.476655245994
1539.4546465039975,215.8901851127778
1614.354401360595,186.63981875550672
971.6365121110123,-255.85976642519648
194.16815303597315,-2262.8501194616274
1555.68793795496,217.23733660129318
1565.7588372357516,172.9940795734458
2148.1266265557324,-734.2857278426898
195.1510696336307,-2265.505444441718
-538.8942972939329,1514.6199290245252
-495.69706187295714,1589.4366259954845
1581.566566903726,269.8633022630185
149.0780888767159,-2263.7478604917205
-507.88729831568054,1606.9938821361065
187.89719518709163,-2271.976786703929
2117.897239381313,-772.1180521270113
945.4663060060666,-259.07055984913353
209.91392413833387,-2302.7107812109966
1580.3301137598842,170.33254398423344
2209.1002091047717,-781.7320250161481
968.3263624383029,-243.2230088337572
176.79671223363093,-2232.6138904334225
-521.2128711577618,1527.2308781212944
-492.34045235552435,1548.501142561977
2170.2274803117452,-801.9234042502452
198.83473505256373,-2264.6796217914025
2154.7141015419393,-759.976960825138
2155.061811938422,-743.0191755512025
2137.4387627400056,-744.7386735437743
945.9389771969724,-258.21603362202137
192.51200618770375,-2287.6679099558337
944.0059343888172,-235.46475047261828
-497.1735911101857,1555.3166042237783
186.3404874373915,-2277.3480166753952
963.3741941582591,-270.50222940797113
2129.836776211477,-734.3606913518713
1568.8151779217112,176.88417864421007
2184.29067069522,-781.6482860484631
-510.223416338142,1617.6999516069034
200.82409732414934,-2244.6763067682455
176.05370286158887,-2280.0827978177367
187.7168002929623,-2298.464049312498
2187.3455345764473,-731.6343652072169
934.2693792410607,-270.8245147853594
933.2072891552446,-295.37160500963387
920.1776841471578,-255.7769314557516
-475.12239720464555,1553.998145163298
1603.4229537565893,214.25594917651378
938.8385955330413,-239.13729316357137
2080.4319055257856,-755.8377220054442
-501.1608234761021,1628.4335961783574
150.74432046180416,-2273.8825914846934
949.5809408997353,-268.3505715716691
-499.39260624439373,1548.7764286609138
170.77597578058072,-2279.4683052500727
-495.99691896571613,1563.0911020309945
936.6208501793055,-369.90927873856737
1606.6356274237237,219.84749294177132
190.89429124547942,-2272.2583657166133
-451.1569402579858,1605.6568542010057
2132.8323828120538,-715.1559918736497
2190.90325084413,-749.2554265229995
163.60146478654843,-2297.9486979795984
153.58846429992067,-2297.856874722299
926.0575475616935,-294.4651056730021
959.3034409036103,-237.18898109924234
197.3275622501203,-2291.9156419132105
186.46391842843613,-2256.010047170326
2146.9588787608586,-756.1057012841485
1573.1197798210865,222.35683760420147
207.88338768704978,-2270.0912993025613
-509.3172085574011,1579.5717478715624
2178.2331550226127,-748.1449020639511
2108.3532520701724,-719.9591282482173
-541.1194337916371,1538.076990288186
160.8863351925039,-2263.693284421569
2101.196363464886,-722.6982480923781
2093.953900910484,-816.9225720730527
2186.3565235977208,-756.8870438108537
960.0243736901785,-255.86341167710327
2094.3175711011054,-786.096935019629
-471.7640843908071,1542.7710515373544
2159.778422220061,-758.2903362759032
2104.2165594896715,-770.1253612550427
967.9813182240229,-293.40473081134496
208.00605041707811,-2282.1138252118553
-487.03970790418964,1531.285970065372
177.2033158290423,-2249.52209590074
2098.6555267148988,-740.0585802575717
2137.380259851068,-749.0355723346605
2157.3827466019666,-760.2780769032328
1568.0412356893398,161.76833339264084
-475.84849840995656,1535.4503680172295
-486.9344295257936,1560.463941161971
937.5740199319911,-340.39708260021564
2155.491728255526,-710.4069456001444
-517.29552421553,1569.1782592151926
2147.4417034465137,-694.1660156227791
938.8988789873196,-300.25988311975834
1575.0018451998253,196.4505109376114
-481.00901870634016,1572.1901423582851
2095.607168645595,-771.9238946156418
213.86367054050854,-2251.6295539384937
2158.5781892745063,-731.3841129917581
1578.0356683370642,193.0210106103477
2107.409043724546,-700.0012629901117
2116.618348956207,-703.1062028357389
192.10428778703968,-2230.883151272211
172.59549680627384,-2256.9472838615807
1588.8500670568696,255.29511258866953
2175.6515935528028,-687.4879653421931
925.497630167769,-269.60678780659566
2134.4755777132427,-695.3447616446912
2089.1567773715615,-752.7029864037495
222.48772735687533,-2277.635832639994
938.6591440176204,-282.425796789998
173.16845235597958,-2283.44971513833
-497.59571240382087,1557.3954653278813
-537.6766942646983,1562.3539398268788
948.6495063484813,-283.8024402829155
960.8085210542594,-243.24007623444925
207.70854451553294,-2279.148632995926
171.13933030041042,-2282.9675799378915
226.01617926356613,-2258.7565111965814
1576.0125317643788,203.24250670443706
-473.9184831139152,1611.6522991935326
-463.09086414199163,1563.9350893058288
1580.1182780647525,239.05802885998753
-483.5492436413751,1518.529884628018
-465.51501886943373,1495.0102803717728
956.0492024786529,-324.4117312250312
-504.5779726926643,1521.2026087209704
-490.44938809183196,1556.6052538051053
2135.03599777347,-717.8818485273607
1558.8089420996255,139.4312592098471
1539.4653384018106,185.30940869961867
194.2570077078244,-2274.8192179753046
2159.3177385668146,-763.1714544120788
1572.3707042858075,187.28101231005803
2108.279731889381,-713.1723840002581
199.08097890400737,-2298.272990213667
1565.4647319305607,189.77773955537967
1542.5209501723825,204.07913787139304
188.0266741070365,-2297.014314500774
149.55677584697605,-2300.881239440159
198.6019562260924,-2292.8714552411784
1586.8185539180506,213.26495897288322
1588.2695218961408,213.40997583158216
2180.784274900123,-824.2028898010224
2132.3009608350467,-760.9500006255408
2179.855941883412,-749.7162598576651
2129.3262010711846,-787.7901213664913
189.59859308948853,-2249.1753784776934
232.55518726428272,-2309.143905780723
1567.1943669715633,147.04376596282327
924.8124097908469,-208.05166087769203
944.9938465640248,-267.3523559656121
184.92784184704698,-2229.8596166908214
187.09756412515173,-2285.1621018956207
2103.3580236945622,-760.809699637393
158.24654327744776,-2248.3115626667286
926.0405617229444,-282.97376960601775
1590.6272601813446,212.9496089546484
1566.661689859632,220.26349469335116
-486.75354545101436,1528.8688162546537
951.4431371040835,-316.72672768481584
1578.405041896858,204.8556557889768
-518.7154964811483,1579.3841246423378
-501.14024050501814,1547.244165288463
-503.000542494275,1532.731492646466
179.3511172394697,-2252.8071242164606
243.48318135316754,-2266.0847851359913
-528.7416331278721,1502.3334300547356
242.4905731048293,-2293.8219505735806
167.32508917938614,-2248.864317709274
2199.773542851936,-720.1019104055648
1586.681679154605,194.33426614365456
2037.0378742633868,-783.6499918744745
2142.5051720548026,-777.2150462527999
-507.79799683672314,1563.5989749828207
929.1095437116504,-247.03972153427256
-525.8751679574641,1568.1405031100699
956.3788779110257,-237.6149573745875
-519.8636041921384,1542.9024071673898
-497.6655164029849,1539.136437598325
1559.5111390811333,275.03626567963465
1554.6886629778433,234.35655843911428
2110.862134944606,-710.4185059139778
1561.0441224399535,212.44335767041977
1568.6334901094156,233.5557766674249
-479.97327935274507,1603.9103628915634
939.3556532922862,-298.37815238881376
2146.8810819290384,-744.8122774549043
2124.8045668321456,-777.1738036380035
-486.97593986976557,1585.4739047701423
1546.83200269278,239.72823683244602
202.19398417701,-2255.749566411452
-473.85972732083206,1596.3758175053285
206.86723007373692,-2218.6746308669967
1566.4530796926724,251.51099178712255
2088.54879457274,-829.237063446924
936.6803320108203,-238.51509397322957
201.55773667627915,-2282.6374678815105
-449.44431136449924,1551.1055805042809
2076.641545798609,-735.8343964875845
937.1792906081275,-290.8723595004802
2181.598078827919,-751.1832202038534
181.54896983666453,-2262.5303987618654
1551.949544504164,209.567197486667
1577.4727837347925,278.357338658067
174.67329102510217,-2258.882493360798
920.9848127936003,-214.94113277339667
136.12221594434925,-2268.78017192498
957.9475372837002,-295.5392160721663
-494.65053755017976,1526.8140557443257
1594.6967942429844,256.2043329706065
2162.956365877183,-733.5700715683165
-474.9544336983865,1542.6065808492453
2169.997277510971,-817.7388319045765
-496.1110104591313,1602.8726433213722
186.75604568679884,-2314.761543633071
1554.1881061110287,254.21512901984147
2169.584658243233,-735.315525068897
931.3101424856435,-265.54029958212504
2178.040189072384,-772.9011991015076
179.3778162335563,-2261.707576145257
216.8792307111534,-2270.810872524664
193.12089702800998,-2278.783215241555
928.8665642283837,-318.99008968361596
-495.35058200195283,1538.2203286184965
197.9248661957367,-2232.6220707268158
943.8076573818355,-253.21608809975078
956.1296535345141,-245.46905119428558
-495.5215142303744,1574.5299016922677
1569.774578042634,276.5401532756199
210.04951855331356,-2271.8280059465837
2117.081475803208,-804.7611500123759
1594.0468570994988,251.65171532055624
939.3528231111684,-257.3965706308501
924.7251613641421,-234.62414317389178
1596.2428668688049,192.20994634452308
-520.9892093667547,1584.8332719004097
-477.40076392000793,1515.52203103333
230.45604212523415,-2272.5580891534164
-497.01041425209263,1537.9283481084362
1539.2095427465636,183.01310286745968
-516.695798531037,1517.4904425637342
-489.2991347853764,1592.277784704505
2028.0281410424025,-763.2546565543868
2071.3120470854765,-727.5966064013963
941.5152360118284,-268.190315436617
-480.2500701577303,1543.805660462411
1576.5654390869545,186.33074861269893
-471.6534230657171,1582.1016307017203
152.82611939024693,-2282.0992440271702
-492.78383440409993,1576.0932159600557
979.021211676925,-323.5729571319807
-457.01473702218084,1503.1013476977168
1548.0705971414518,209.1245293508831
1563.7444545323763,233.4473306244419
169.86725781927868,-2295.92870772264
910.4765007762445,-296.27073591476926
-509.5133880031452,1552.9782422967976
179.02390658773456,-2255.5704890107404
1584.332414284128,142.46823169896635
958.8441895276629,-248.47699921032896
1564.8064940564543,206.0374229932266
-477.64916481330164,1538.7737030135634
2157.195798240067,-698.2291571559545
2094.382743420513,-778.1077607815299
969.8254454774142,-351.6402728136601
1575.5340146965546,224.0101461664804
2159.2826705813613,-785.4094049396853
209.73788275000987,-2263.6386906699977
-502.90343240403143,1572.7576435303188
962.2085092281417,-270.6542120625498
164.81137722402258,-2284.579817066056
958.6254528721889,-219.45354145033403
920.7281244189841,-252.38160796712978
165.3252601649727,-2247.623949268739
171.8148326944719,-2279.374604820035
-521.9374035004155,1541.143830103532
943.1260510489695,-237.5552828355664
1579.288803464464,251.65336223406487
959.1748705349988,-282.70290756042914
-523.0457375280042,1509.6297587509105
957.8910019503948,-256.6839035726202
1570.883955226491,222.05123438528085
947.7137052192297,-300.4782811831165
922.6682128422686,-304.3264100705815
938.307888464856,-203.52951790772067
-531.6103733446427,1601.5931850270028
2130.9190734631024,-799.767993291575
921.0382728928665,-275.1714449143249
2064.8129968906337,-774.0296796416976
892.2779004487905,-271.4375887417626
212.55578298764345,-2241.2169563518246
2102.9022962977933,-801.6678379011537
928.5897605971031,-303.01525652627396
2185.0416356964197,-825.1827780866635
1588.20328610788,216.98275455533167
2144.3050696109317,-783.3038393875318
1632.0628367051188,224.44384588034123
952.415879244572,-281.11372182753007
942.3263187608485,-260.3191942272369
1574.567973278507,222.98147151332427
191.02162096901677,-2271.616129373141
2168.824386019662,-748.1340528454479
944.920942612275,-285.3672016663719
2130.9601867919346,-776.6146717686055
204.04826321074444,-2263.6462849679983
2168.538063838921,-715.12720762557
2153.351322953382,-733.9149489843142
1582.5659229281505,287.17754752595573
2158.371817328071,-779.5526664699877
2114.7258932288296,-672.5623547899223
927.8128027061863,-272.3734127118938
-502.1562672243071,1583.7003323768397
1589.9350233587852,185.70272188891076
931.9435090844032,-292.02281913318967
-521.5208541579941,1541.224184812495
-433.4467546299308,1556.9384311100337
216.4022685905348,-2246.5064010052947
1592.2510526702263,187.19243107807688
-483.48730003139775,1576.8822057054322
2150.8185145059206,-718.864473393863
1590.0388489450565,266.300380568582
-493.3154080561002,1586.4298415022672
-517.7007244380674,1596.3542011247707
953.9459129645768,-286.69969271522274
-499.10289869444244,1534.6770745660835
2195.7315373737206,-686.5419335919657
191.5547866787059,-2288.9470181570905
2093.373187480669,-773.9791554522023
136.41134713279257,-2272.238726201555
950.1904352268881,-283.4412468532354
-481.9911404075176,1500.4315586444748
155.94174459875578,-2288.951247721698
1571.8771658845585,231.1717746138071
-469.22406884882827,1514.9451526829198
-478.3448369355909,1570.928629734313
2128.1981953807763,-823.538428509246
956.032562756457,-237.1906963027099
1567.1630792914043,227.79373002398805
2210.818544289816,-765.2876787145213
917.9010099206159,-279.5987887815133
926.6308163042069,-277.6917234899513
177.30427535108143,-2313.8249868148
2137.837243739738,-766.6056020009908
2196.653226679546,-755.6297777699624
1567.3865343874215,168.06492507792373
1575.5968185688866,210.40234730316894
1576.3609507783149,299.2669638909607
2171.244215210362,-716.7520255369599
1580.2692462532543,241.44487142495737
-504.2104350987436,1550.9077043220086
2114.067102548319,-700.7082714882522
2165.1311833058376,-786.6981987334019
-497.7651511876614,1587.906549960957
939.5863724212827,-213.98926346499294
-465.43540849905776,1587.04942487364
976.7806952810333,-257.79372923388655
1571.0063074555524,154.37203575219706
2122.1496202260646,-697.6967231108683
924.8914727683484,-331.27477038889083
221.48291807804193,-2248.950358582593
936.3067051401167,-282.27806681586577
187.306573778667,-2285.3240052516057
148.96702077325574,-2282.0580222908957
1582.6629523776098,243.20001126406316
194.4827763241322,-2257.924590550181
895.6043128342585,-235.12028291186988
1594.2475855139828,180.30617995596975
1557.4401524709726,277.97471097682376
222.5250054910877,-2262.858080151716
-449.26048398946,1568.3757644713755
1561.659525207414,255.95678233727082
232.38374228931144,-2262.7755440748747
1578.542782386208,144.8197277126319
1572.9656230363291,237.89394211515796
1553.9881306503773,139.43240782067545
971.9381958122735,-313.8161661906458
153.17329402662287,-2284.4045890948914
2119.1402419976766,-782.5856998558214
928.2295495853294,-225.2150469968978
-489.5941786549253,1542.6509499252122
-474.80880161052346,1609.569092251339
-499.0031160113183,1505.147484995093
935.8466885809058,-281.4889343736762
943.1978221197995,-272.15381855733517
-447.48248545094566,1567.461454066866
-492.1161991115027,1647.505001990149
946.1685963870347,-221.18670797397172
2133.6753632779564,-746.0069694112411
198.2137446062529,-2276.312277360756
224.9207235825975,-2267.299136851052
1540.6729906268092,269.49670410260205
1580.4119845780592,157.67118077468842
-520.6189114635852,1567.4044459661852
-497.26042658731217,1542.8128047867954
222.74860494610812,-2243.761723927968
1601.7438616488323,226.21635367282892
953.8526264799551,-256.07290502181644
141.9131459101219,-2238.530213331213
953.1077053427713,-271.5500933453941
196.9585537254898,-2279.173472284646
-503.3827359357089,1581.8294021418371
973.9470146666175,-237.30580025254363
931.498130016965,-269.5034040620975
215.11698506632786,-2281.202945297286
-491.4045737732294,1547.020469532776
940.383458717181,-278.4731759805791
-498.7387775503237,1538.2123186362478
-483.45508158118025,1619.0497130672707
198.31562902141064,-2275.532175350147
1563.9153177576193,211.41304793817665
1587.4952557282613,149.3477864473187
2149.3104905148366,-766.2740735869088
1559.2024203140797,236.52534529864175
930.2567918679165,-337.82402945940635
-503.1569478101035,1579.61035139213
1582.9666140961476,214.39294531974423
1576.485576628066,171.43085033181413
-505.71259033219275,1529.3518272095828
221.86214194835725,-2272.01671562931
2150.8456031526075,-777.1727897438327
956.9288558638582,-301.6610895426009
947.645671788979,-249.69480208026317
951.7242416868655,-271.35959107320804
198.62165546600013,-2243.2011271203996
-494.50265581145095,1530.6060108898212
-529.1883967223858,1568.409195090891
924.5655237155988,-272.1623506185744
1575.682332999682,271.1414986143104
190.27819577699722,-2268.839454230549
2141.8831624107243,-724.5693029540145
1594.2982512962533,251.0282040728816
941.4300285393084,-241.6079627522478
207.03236057314137,-2274.125911608941
-506.8278702283936,1578.4818467161952
2168.2841414844484,-778.2882881018418
948.8387955034312,-269.4509974396703
927.3168425790512,-255.61334052128333
-519.3227203332187,1533.3826668975955
2149.720835187887,-727.2583417490032
1581.3690598301282,237.36847001408896
968.999909977072,-233.14449916865652
209.3531166230119,-2271.0106518645894
175.25927223056013,-2270.50282478334
2072.1459719884906,-755.1566045951804
-486.1105954282527,1558.8837236840998
2111.5001521992267,-749.9424525420332
947.8314249691525,-248.98701777160124
1599.3052649323292,233.13986767588813
177.26617202847024,-2296.126309203812
196.49916050554617,-2279.8155697893953
2088.951508467736,-704.878004137708
241.22997017732337,-2291.0748498026082
953.8797457346997,-249.97636691800517
171.7921867970531,-2281.6667707115066
-506.5292659911984,1541.9674497989602
170.99704550234694,-2287.0410786669904
164.4101191583464,-2269.3977927114615
180.13161500233218,-2270.111664633403
2109.4611115199564,-733.1296099241099
1590.3722095423846,210.4825175384653
952.9266260104607,-244.84944888393736
940.9136825601238,-253.9334039754491
-491.59449681153325,1574.822097450128
2046.274161428866,-773.8104325957686
2198.112725591371,-806.4936719165876
-486.3810410023523,1545.0883674250565
223.0453290022363,-2247.0150013223156
-498.20682330900235,1501.4851122253199
1553.5602834954664,206.9585231499167
-494.06393192646635,1513.7620211124868
1601.2677127938591,242.86519767179215
2135.4272063770527,-723.2564792696894
1591.9257300949384,167.94049987121062
-491.2626863381134,1523.2470574782437
2100.3657320682864,-744.4800558493523
-499.175756993199,1583.842720395403
187.48746525350907,-2249.5021434544137
1590.4469634018558,207.4914049292649
-512.735295493467,1528.9974192732673
922.5684780560516,-303.44257702788457
2110.600680474313,-761.7710197076499
2086.18304730389,-785.6459687644505
207.4196394097589,-2272.158771192114
1590.1134663042053,251.20107563337726
1606.592734478083,205.8284959333762
205.4627393902179,-2278.4842504450266
-517.9883449361963,1574.9494543465578
206.80815119530575,-2277.054647072204
957.2507688726628,-300.9251269864232
1526.083991990549,279.82506155721586
1582.5479784718068,145.89282972847587
186.79143453029872,-2288.637818103079
-498.37808485795483,1563.3951916718609
1566.4996670019093,228.63464437497214
940.6070390224612,-290.10703898058557
196.56275996868655,-2291.9126347086262
2120.5240164660795,-718.6375570821082
1556.7954484478944,240.64984324190098
-469.228545091756,1560.6404834583384
2163.6689763580957,-738.8017067633266
920.7177522510824,-250.22225258496243
225.12787867751763,-2279.909948815307
237.7095911824815,-2283.5307926271867
2137.524096296755,-732.2174962693094
2113.190096583762,-701.4675787520997
-493.7703596951579,1562.023694101083
1563.9814479533727,235.65296610330384
-516.2849433626262,1506.3201506249848
968.3602965874899,-257.37177508319
-495.8191029929623,1530.940197899493
190.00462705653325,-2285.305803467535
2193.573341533969,-791.4549159090499
2114.635073192884,-735.4814445992602
195.40637090579438,-2273.5236871548973
1601.5928309182602,165.35376329915016
166.6693735565525,-2237.803606507479
964.3962274558423,-202.46731912290065
948.5381586112204,-307.0807433083518
1588.5413545482895,243.8989857317354
1585.1913857314303,206.38377150089028
2143.9951949809574,-740.026456462845
1548.5256950095195,197.68666055793824
188.35653398906126,-2281.8101120175315
919.4781660129812,-294.2936135216856
1572.6517017672015,172.6884548692164
2192.938772335422,-764.5907651530695
930.721962319276,-313.42836916476404
-481.8528982715492,1566.699761430879
917.4676269819935,-274.4530988925184
1565.3137775365244,220.5458498677163
920.8588694762968,-261.62867208065524
1566.5527859953365,196.82862833250914
2194.472835440159,-705.9656383326515
1553.5828799904752,158.9130736012674
-422.69338455142554,1561.2506608555218
931.6975190621554,-315.9055927086512
1565.6978301349907,239.56826229645324
2155.3026038799944,-764.7767634036737
-501.38228893925765,1587.9778874978274
-523.5805338932049,1599.0264396087885
-510.8069594072911,1609.9341138855239
1564.5339328310067,227.52364216723012
201.1541976040479,-2328.777450167639
-495.3054627663754,1611.334560897321
236.22732171059403,-2336.9405689854725
1597.3200172246527,214.37750935591774
-494.7223511396523,1574.94537471308
222.98609342637144,-2239.824388065932
-495.25553305852384,1586.1181874241079
-486.8531297848279,1598.7634085449306
1567.0313073446448,240.15039701149882
2124.5574402495417,-740.3104237387969
975.6110564423016,-251.68375571325595
1597.203833234868,217.53608060010833
957.444719650612,-278.90640505787263
-469.40303635184995,1532.418952660468
934.4167283884776,-270.95999734834305
186.8029018123301,-2278.5462181533107
937.9210254510531,-284.44116614305347
2109.2684952052828,-805.9279021859287
2087.4191102544473,-762.6411113306856
1545.440263466555,195.39077665711505
-504.9565059876787,1601.0974420919765
2036.8928183545536,-741.5254290413753
2102.35183913621,-797.6959347862844
-489.4919246350023,1491.2538033298385
2093.396312486086,-798.5397306319112
194.02754083832215,-2265.211054963818
1581.93675850669,198.14590289101943
170.99980473885867,-2251.181736152352
1566.5760687982286,191.21276046516874
942.5416027123473,-212.12292022246933
173.6538946382748,-2321.138228943439
1558.9110292538114,264.14763302019617
-507.92859548758054,1555.2549634026645
2201.690088163111,-786.2592454658875
940.657285203712,-270.90517262712365
-504.1016757130487,1511.4025808257577
1584.505426080796,220.41163360091358
2152.56859505254,-785.1137333048907
-479.48424104822027,1517.3246030519954
923.630613606079,-324.0162779562283
928.4788266118334,-257.1583263414392
926.9243270973562,-277.7287725429639
198.33527261934066,-2291.8006525353185
1579.582480879178,233.15289448687474
-497.23083627846825,1631.709239987902
2152.5710714797497,-731.9790854138863
214.18705719153937,-2240.4959072992187
944.2338975007196,-193.45252174371086
947.6504526128597,-246.557729193309
-527.412078253841,1523.9376580351066
1569.5333938645651,224.93302115524085
926.2227981161199,-273.16123590156917
2196.282053826991,-761.7374477319514
-524.5581440129281,1546.824065057543
183.5343621112883,-2235.525182464686
1576.942911761247,208.0305675228706
2121.9952788504206,-768.0927267945821
929.0954551872285,-251.7938089035024
926.5984894643958,-305.81080621770184
1542.4306209793594,263.6012601861962
926.0260774241692,-260.9396776104841
173.03452135938323,-2254.3388059314357
2093.513275824334,-752.08288686132
2071.1215976184476,-761.0494204804379
920.3374724217518,-249.14085563078342
1566.3895243820907,208.77730020870356
931.4321270424838,-266.59165106106
2134.1270782402144,-720.3024047424972
1580.0348054289107,221.061130456532
932.6423969108572,-287.76775678683316
1562.5873422248033,212.48630839976778
-491.58767662868723,1607.4731081882724
212.24143373761413,-2259.6125961566863
2157.3784773877546,-811.4482717807545
925.3977553093195,-267.9822212518472
2156.062110242661,-749.9972749592042
2157.470765415135,-755.5017427472316
-445.22729199328387,1486.9403796263864
225.03958892912192,-2218.5585570469457
928.1564745690557,-303.4619973674354
1551.1187217977279,149.33588613964866
-549.7673246359038,1574.4792028829315
-505.8559763957022,1590.042526813696
954.4226895689183,-261.9034274357775
913.0467987564396,-254.76647514129172
1599.3792060846386,281.6256935955162
200.861051605177,-2292.7613388307627
-486.35046095551155,1551.2567475182677
2143.0752895662486,-758.0457320278015
958.7740245736209,-302.49576875900595
-493.7233191113026,1536.0635290939988
-494.81957316475314,1554.5591123898955
192.54106227456518,-2276.6662387019155
1551.9564382230412,201.1669339481249
192.47341612617384,-2262.7030335534237
212.8950741208008,-2252.8340880274814
1598.5556428966158,269.81839818228315
1585.9427317126147,234.7375482999696
2147.6977856608423,-734.9105362827772
933.0307234145895,-318.6589631944343
186.65152830432757,-2271.0195469391247
-485.35353278800136,1572.663707922207
-476.6538383304621,1591.5232841730433
176.35830286348352,-2246.835472127862
2133.980866434968,-789.8628798564988
948.9871360378069,-282.49052912475787
-494.2429423343287,1542.1385398636394
-478.0742437875513,1570.3938607645953
2153.7277630376566,-771.9489969296595
2130.8372646467988,-781.0787284707907
-449.13745674550745,1592.345593840306
2120.7161414698917,-745.5690187082956
-540.3696569123049,1549.5023530059625
962.9478883388042,-245.0625338180992
1600.0316003380062,250.34037776970956
959.281519408261,-235.30930398342798
166.2954315918192,-2267.039934592243
945.3773035208924,-249.88158703308258
-478.2406092755472,1553.119351171575
1580.1156896622651,222.05181129806968
2146.4290828030566,-700.1151189516175
167.6321944922877,-2293.183203177436
186.89620236873134,-2268.0853618175274
952.9954023644594,-273.82895785397153
1579.2920549017222,126.95096139486482
-484.34083414560286,1550.018357060446
-481.9430813588112,1489.5815433559249
908.310916591175,-249.83164621275117
944.6830046508774,-248.9323437079861
2101.224393730358,-706.1069912888917
1597.8216014955021,197.84501049539398
1554.1307138079037,243.37659139219124
2210.2195333948303,-834.7975117811001
2047.5876307097244,-745.5233248230139
180.28980489140628,-2301.357720103783
962.6170184002355,-309.0349217845122
176.36796186446102,-2267.077775175535
183.84842116734885,-2267.3390526398384
-536.06177499919,1561.6487442028128
1578.2468884874677,239.61277756475525
2085.430252945554,-750.1586855325515
1576.7309386627774,205.81782099187402
219.90534740162707,-2253.920166094201
2225.4950187657073,-771.555230947729
2121.7343374702386,-695.7310659934665
1588.026370019689,240.14718982167832
2150.344877374863,-775.6368966314587
972.0755214097883,-296.26055126128443
1576.0905799021336,202.0599004609786
961.1224893828394,-214.7613556433062
2154.8471078169387,-759.6619166414291
-471.8471325259944,1580.2725949005687
1587.8278786041826,233.13032406045826
934.8196738326266,-355.6866035563821
2120.1435761534563,-785.6385090104824
-478.74900078393216,1558.4928172755092
2117.7340865095707,-753.8191917776371
174.44287816148605,-2298.5879156035558
2103.3332027917527,-716.3839186489719
2161.2875619851557,-749.4791818483967
-479.09241428322963,1545.263697917596
953.4724050982621,-296.42734730158054
1608.58014891102,191.9988600283765
941.1476412191197,-282.9266611159543
1589.454568079866,231.9586003401952
-511.29398973560257,1537.880263957869
181.37916065539966,-2258.2830423493506
-481.11765306582095,1615.8681332625545
222.4378136730241,-2265.1262996705773
225.3228315700446,-2258.4842211253294
948.784873788808,-248.7820030440842
1567.0345616202735,242.9689282902359
1587.1181065213564,258.13744916052013
187.05508017087757,-2254.7200139351307
2175.1794049494288,-791.2770195412219
221.23660301097237,-2238.543877517159
2100.093021394319,-738.5091430455122
937.4898827367988,-257.2309823563141
-480.130247951248,1534.2554493957155
959.4520821039488,-271.3934568989579
-520.2572691514321,1560.3735542171585
2086.9502160065877,-729.4268876825364
-507.8237664925126,1581.913031634316
2112.0806280842726,-805.5630151638021
957.50054266984,-313.8631811731311
-498.71026879882226,1523.8740060070613
2119.8943885828608,-760.6512885537727
1520.141884082816,173.74584367065034
2132.6732452975,-714.633938750924
930.3376414452675,-287.26127830613626
923.4277813835397,-212.21275454191104
2101.015619632758,-780.0425133343033
2112.170272680555,-712.0612647223209
190.5141106631893,-2279.9056363195377
223.50984742134767,-2253.9707885982016
951.9232961801081,-296.93182361714
-513.3970702036647,1579.5240245890864
1537.4289484722833,213.10338208085494
-502.0499449015592,1538.0125394840722
2115.5583992147576,-718.0881842191436
2222.7942558042946,-744.2530300572929
933.511837061033,-313.2258626617797
1575.3213217637713,239.43973544360924
940.7062444235594,-258.4933387569676
-528.1912834961007,1642.880395928812
1556.7036854203395,250.51629253114137
2092.5616581176546,-770.6435900057243
168.86942905123973,-2282.1385353726587
167.42612719216112,-2242.025195521941
941.2075563960543,-260.002551237641
1577.6823049401344,214.18097867579152
2136.9574235914006,-813.3635690980398
182.4238063442463,-2321.611005672
1572.9321567269303,175.48536330348742
-511.9798699197499,1544.3991959000612
1563.5364379266018,282.03446676467786
-484.35618219783345,1596.0201712506594
937.1790649639097,-271.1330900398095
183.91294801158506,-2236.2314591438562
-474.00493137188613,1593.559612252353
944.6263557919937,-274.7674853177484
-474.3386449246346,1533.423081590168
1588.5903106975761,227.4855866281689
-536.1180840903576,1598.6365611352383
1558.3470390474354,250.45754292644324
2127.126043251786,-739.4399822640066
2152.8423864279494,-775.6045685924151
199.67456723066567,-2289.119218988832
1607.3539874644707,211.2221198622912
1536.1195797744676,149.09129706818578
-539.275773525551,1593.4259874743657
1577.6476110383815,234.50155102930827
-519.7509108188626,1599.8927312499814
2095.2809781350297,-648.0851756975876
1545.386208299145,244.57929367927042
2064.4892497752603,-677.2995273209921
938.0655636971042,-265.1165690416226
943.5375791094048,-268.78610751482404
952.6478408293217,-273.08868883956006
2159.492155259106,-692.1885034515084
1561.9410845401462,213.28996882209054
-471.31308259748363,1574.0444116205902
2112.9338174799987,-718.8837041418585
2084.618014280422,-750.343446660452
2154.2796574724193,-761.1390598104134
2105.125734225639,-783.7151590691151
1575.9634785261405,160.30665547367
934.8713040202254,-286.0904639549698
1574.080835022767,244.61735874132071
-474.46151465233453,1559.07939778723
150.15259689077524,-2317.251147612333
953.9402752365474,-229.13278852818567
-490.4466397768511,1597.5486738027048
1571.1353451828709,160.60734078920655
950.8342051114297,-257.5313227753682
931.0008003158837,-241.09073589938447
174.64380389328005,-2239.2291124366047
921.378512566077,-247.1929004170522
1607.6406012753391,198.9816719382522
-468.2548106682709,1555.3175188195835
2079.5218426113333,-759.0074225896178
2115.9549177082476,-758.1874403440744
944.5546539877706,-247.25257160162852
-494.25595590287173,1591.4629802159222
2146.0100347521525,-728.9316794403146
-480.78498745678814,1524.5758419074455
1574.540259076515,178.42763346056626
2149.1717260067635,-759.8687428146783
-495.1370283177689,1494.2316305417453
2146.4829238951675,-787.4349109601968
2117.4231836837457,-691.0202699304033
946.5011386521629,-302.60816748070346
207.4316565301268,-2243.5986046583134
2172.0250011996327,-744.7248062950281
190.58879704948612,-2257.2447466810636
955.162927358672,-296.3729946768243
1565.1380395351266,197.51330408337014
2115.4343549611904,-724.5809413370272
1575.9158531380717,178.53714352407493
164.79610790998566,-2282.5171508216354
176.4263120665091,-2282.294853999629
-523.9918506128312,1578.1589038423351
1583.4738519022458,228.0787108390494
2150.8403867361317,-772.6697219074102
2162.084693603566,-746.1344037538772
177.8705238416303,-2271.465058863111
2121.5938275373096,-735.5119130872974
974.561924352556,-270.1343648869609
204.40480714811906,-2260.7842064349948
949.3604177082558,-267.3052447921853
-496.4607219378101,1606.876845969519
2196.949883644101,-790.8168883597747
927.3736128459432,-246.08451385761708
946.7549702965434,-234.21696150371938
2082.734757015298,-750.7114222871038
184.03407985960325,-2229.257621018766
2042.963739529074,-747.7601684451862
1585.2764836062706,232.49793515662034
-516.6773384306712,1561.3341376428127
-508.7181634578783,1571.3801211771395
2117.7632780504587,-719.4372845836762
-468.34917743919675,1556.4641769487532
2157.5250315114267,-753.2963031224676
2127.3542886077807,-721.7826629365692
2127.822731592277,-737.1031116886378
1557.8853667694932,185.83456505001806
945.6892686555663,-307.7616502118747
2072.824080558432,-764.4788345316815
165.3328694315084,-2274.5428694026523
1559.1208742946617,151.3185389085776
200.44975351752484,-2271.292530626661
957.8471127520958,-264.850891159371
1589.7693383138476,162.01911412704646
-498.4106644908952,1550.1489073176679
179.11220083236785,-2259.0670174404386
203.30210546322726,-2262.0459001100635
922.2342394448133,-294.6396536978835
1563.6851698361936,194.91480954227842
194.82089657836295,-2246.095860637831
-456.6973798304834,1510.3334881921946
-495.681018260147,1524.3407081299301
2132.3484807371265,-743.0214170709863
176.4832215343011,-2278.610520567306
-511.8885408508791,1564.8874123903393
969.950414543208,-315.6295959929861
946.2415811512725,-272.94505254931096
-484.51685245250576,1595.1509842925982
1559.2673429623464,230.1135023113791
948.1998032162628,-249.52522453471107
2177.597194313667,-725.2725506470323
945.2938602398169,-265.62065862466795
2105.045821192449,-741.0386949609921
-451.1334167191062,1578.1050077082891
935.2291701287692,-296.5354009173836
2138.8325138760147,-719.9140080903541
2095.7641235663955,-790.4724625334172
2187.4574523900787,-731.3927735097179
2191.5882670494584,-769.7168721504573
-473.0978111467078,1513.2110093171398
955.9182179193601,-291.17242006286784
-469.26428735844354,1522.8526035666828
214.1919769401908,-2259.4382856404713
198.6223954093717,-2269.0860814408197
-505.764992930768,1568.7791417762162
218.7513774352822,-2257.057194498933
1549.9999463615447,267.3944439951508
-468.85825330009396,1569.693368635894
1616.8695038306796,220.72984117612117
958.7700020722564,-226.52193849747286
-518.110287367315,1557.9385422798641
2152.9466861991414,-740.3206824145308
917.9046394780937,-253.16069285528965
955.1961962492666,-227.75920390094305
1555.6462935255183,249.45407617828982
2140.829946514287,-761.1231770612238
2149.9751360408927,-761.1551172918402
2208.402519036366,-738.6975612735775
-481.3291447365806,1550.7450435954502
1543.7967932538472,206.35141116842357
1545.9638450530251,201.46317342441034
-480.1674293465244,1490.2693032756747
2135.6393657508893,-756.6652326986174
167.72280751211838,-2246.5756130177538
1590.354726090249,179.48617336069532
1557.181979138442,296.08189090861663
1558.461497159915,256.8482942776195
213.96987632981111,-2251.3850096674646
943.2040618142734,-267.3103947103469
-467.57660015414507,1552.8332621330924
-491.7599643033065,1548.5165930487549
167.00548605538248,-2249.016779714603
965.4629241304752,-270.13029323042537
213.704091954298,-2279.233992731632
941.694103004873,-251.9170553767296
2084.914199500605,-772.1893771183979
-476.50113642338727,1593.5732739701823
1591.5069399910858,194.5573360522439
185.3239457413389,-2330.9973857634573
2158.56490119939,-743.5831829266016
210.7175854136721,-2254.755192902073
2185.292496923397,-769.1505271733928
1590.3956300817463,198.20275179433273
2147.329540656828,-798.8227615728798
2055.0467296999086,-708.1919286713763
1582.4395221698223,194.5384449625557
-518.1287333701522,1560.7257284258906
2122.3029434656146,-730.7318938414769
-474.4183832883705,1570.2358840549525
948.0195814724412,-261.8689281077899
191.95438772756094,-2276.6558498378886
936.899217216987,-250.94100366717515
1563.6429879304046,162.36165012791724
2083.4454813896054,-762.2378600936469
175.34701055230713,-2250.1563159235984
2100.299501555619,-751.3819965994717
2158.2873796511353,-667.5123996021682
156.245960414552,-2294.2412005584624
2149.870664092852,-711.1266666466997
-470.2991862435711,1546.919838673683
185.64091563132314,-2308.009884746392
220.2394760430028,-2263.4126591840636
-476.19606835019067,1537.5452285697247
1584.3390094681702,170.53427228283346
964.389088519454,-235.858183352107
-471.64000528148085,1532.888319128795
196.9971154929491,-2278.5112615403814
-503.8523329809102,1538.6110063014344
1564.6758155585626,236.15996898052106
-513.1089383556388,1573.1904108076542
-503.15853181521874,1564.508519747575
2196.8799335716058,-775.7581570168022
233.75130100965788,-2280.329266862136
2066.3734766932384,-773.9930100439523
1556.963134187819,168.63996989007464
174.43971073266127,-2246.5342248361058
175.51362559138133,-2269.467672363394
-466.26189972204253,1528.401605905596
204.43255980382898,-2296.1202040568573
139.43927730313754,-2251.9445543946013
939.0768816838075,-300.3231505063513
2167.234810395295,-737.3096201036567
211.29659141775713,-2292.408186306983
1585.9837640814035,199.58566682592695
1591.8288537773872,198.68187796263805
1583.8344366386243,292.0428784907872
2097.091492486101,-767.4429885966042
935.4686076804494,-284.4838143822591
-457.72496557648986,1518.4376814758252
2147.7186279455427,-784.4546787937345
961.0660582934066,-235.99786466760304
-499.7812415876885,1545.5756745394176
-507.2615953260909,1592.5402697164031
171.27550819901765,-2276.6488693511324
2221.8239242167624,-712.9991224329258
1576.0286541905616,266.48153304495
174.89838814410996,-2277.1214346804722
2121.5876424279522,-751.528977559143
934.4087475407331,-224.16301281407436
-507.9232007295228,1510.3965881780425
2122.1863024091563,-769.4540943472181
150.21458925025536,-2257.819773650362
1587.7668737582912,154.49591162268052
960.0334934352773,-280.69896017926453
-490.2458255923695,1570.9275797718435
2099.327522768352,-688.786491655149
1575.8844783927884,231.71644673270328
2171.9331501490306,-759.7199037817974
930.6309555926836,-245.57668363187935
-459.3576268778326,1521.2301509350343
2078.2232824292187,-785.4560752825384
216.8729197688295,-2258.9826503632157
956.4527638165279,-245.46879663514926
2195.2588893887405,-802.6284959177812
954.2948603542927,-249.68195003309796
-468.83373711601865,1554.5306152989353
2138.473677715056,-714.9112028510289
1606.318548163536,220.35258128110368
161.7137890988768,-2282.932255104397
-483.4507694316895,1577.12827692115
-498.6694514672329,1555.0320658978742
957.9705718255708,-298.0720960654051
956.3950709724651,-271.31266655478845
1596.5183641385938,200.1495706193189
1553.2107021788954,218.6037466864976
1588.9594196994851,205.24035794601025
2087.756983893794,-738.5532715738169
1549.075861118517,245.29751006689344
1587.705694804806,122.09139418116753
1551.549716727697,245.1734962023413
1574.1112757821832,218.44480851528482
1563.2106441348196,268.3031593660099
185.3124293491601,-2268.225749392942
936.0480167354623,-237.24017625339266
2104.0989901706707,-780.9646456856829
937.3534345450539,-281.63758383504063
1576.5961813423553,290.7297722311658
923.2934656487843,-288.09324954304594
2084.13232123321,-761.0016282835857
928.4049462056746,-301.10800650096184
1582.7513166840522,222.9971733590175
185.3474930701752,-2300.5922562459023
934.1234056514859,-287.05049999544997
2120.1153308168746,-811.1792208682231
207.1341661634222,-2283.2414653903757
2131.845292172566,-725.6392614276549
2132.210212697156,-714.2155405060424
2124.896535144499,-768.6919038567595
2166.4401814988355,-835.1758485034574
-494.5395753670301,1567.4580970363327
2088.691466225848,-746.3342781830789
946.3676123031711,-241.07362995819545
-503.5106684724639,1615.4649788187585
933.6118050521115,-322.3444749389775
197.41644995558332,-2249.4382036648826
-509.69585492850456,1540.1016365279136
937.4971259563874,-213.55031197957206
2100.1968740220505,-783.5292181460293
2183.4590800547207,-714.5621913767261
961.4330985825468,-285.3697951001485
2174.9242114964723,-688.2404258364786
2095.3281907516293,-729.204974962647
-527.4110275877694,1538.1296072953778
965.9104695128746,-273.29298384817025
-512.6140596838156,1635.691654548272
931.6080975185778,-275.03249833692786
942.0801448281943,-276.07393494766745
1570.1190169573872,126.01120995424841
219.34641766704317,-2296.226527864102
212.18726058785137,-2275.0081338444465
1575.7249685696058,234.41370690852298
197.05886645836765,-2246.181585203628
959.8352352647623,-322.1503852193743
1550.6197484820266,237.38833513980052
-477.6098547254825,1522.6493225627723
200.8420473196647,-2270.9249359138958
193.5313744369445,-2274.7870617303724
-510.2351036102298,1516.2062485091994
1631.9415011318567,191.0582850141506
-563.6148124651478,1531.230897271618
-498.7403350822183,1578.983061128577
2151.4345877455244,-753.3518379646022
178.73331038156815,-2256.2506300082837
203.96652102700457,-2275.424862520444
952.7609580739103,-261.1278328436142
1571.3384758334457,229.6085863598148
1562.8932983623145,218.48226188988687
-503.2596485909044,1498.41780516864
215.1859855191801,-2283.7933195235555
-492.2946029999843,1561.9888241479723
951.6003812360785,-305.4266783093853
-492.81663489679835,1617.9038399756803
164.43467274287022,-2284.6311269268613
-484.1727660376923,1551.9800531250023
198.91219995244174,-2287.852018519429
1576.9293542858672,259.00635498416
-503.0556344269716,1615.9137330239016
188.77608882439318,-2260.293263003045
2137.357632826423,-732.5366321272786
1587.7871688304936,212.83827913732534
-469.47804201834435,1549.3214886930507
937.9100197126742,-279.308265802944
955.4741790977,-252.2265151079675
2059.0773919439443,-756.0389867751007
2104.7860946956757,-779.9633493504807
-517.6879340484492,1548.9556903501173
1569.855004769954,220.1709219993301
2146.4279097418366,-841.0831955590224
2159.5241738395175,-751.1380637330751
192.54555392070264,-2284.4683046689224
-470.4380410450957,1555.3964183293708
221.60038129802354,-2229.268718080152
1578.0804777936648,172.84833547042837
1562.8924933076146,236.80848784410583
-501.2306216912949,1522.676407850562
1570.4323114464523,275.0577758365429
-461.99760607531834,1522.9892588743146
-474.0090723590458,1557.792553810037
947.512252605337,-295.7533857033703
-473.2457091364247,1542.5035047795416
936.2386784416801,-275.7639363856318
1545.4254975925935,167.3612640339924
168.5222984532384,-2220.2955653359436
186.1462954221343,-2274.0723156098175
970.3722104358027,-272.82286109842113
2172.3871586721057,-736.2166632566164
2113.3236711461127,-775.61982988532
-523.2647760334744,1505.340216242261
210.40108623748836,-2279.400047132807
-501.7458114542165,1575.873854431342
2099.1597199496646,-748.8028988331168
2168.1874392708696,-710.6526669838333
1592.7478682667138,240.0527115915625
190.17807765920094,-2287.747580622029
2132.653186012238,-766.9029479284029
153.3992390721465,-2260.3118591582524
141.61266919049046,-2273.547921649619
185.97470556744156,-2296.687172962156
193.8180052355903,-2254.3590633152444
140.16181526376033,-2298.8024605259934
182.4967100642199,-2270.6880381718443
-529.1149957812537,1551.5835133679232
-495.1449480128127,1557.7776452227529
917.3468544395994,-227.59737204413173
1532.0373348285855,225.81564572084594
1563.3607761563346,238.95925012495246
-463.66754397626266,1518.949409986272
2134.1351165381375,-754.8032239441658
944.5283879695997,-282.02859314841544
160.84518333519077,-2285.4146749099737
-537.7391380738825,1561.3452137253923
-511.7141898301429,1491.2777565297536
-499.3016343130204,1529.0136193735761
915.6275110061382,-246.59730844742836
1568.8467193410213,272.61593503405715
1573.1074511551997,245.32129970102258
1609.5440461014523,196.69863294650534
2148.219219786831,-725.7290983219405
1575.0048823425727,194.9587161951106
175.96211257552477,-2297.3724736264435
2073.987448605578,-806.7916750009176
937.0983566147999,-244.79038881885774
1574.9941332661815,247.50382999817063
933.7135179730727,-326.9288000135516
2117.21027638065,-763.6298330715032
-456.2541368427166,1572.960284997589
1593.220063157557,261.2962534492427
1547.374976051364,143.36379961560175
1580.3299599842703,221.76730756977685
-473.0051987394763,1572.4200230657991
197.05494601745318,-2265.9118088591367
-501.7014218112898,1528.7406500197003
-476.88278681041004,1531.3327929293698
176.3642986655453,-2281.671876929656
-483.6611916853908,1506.683311861935
221.3457326791662,-2243.1375674978644
940.3981138484526,-291.3490811702944
-508.75750753054274,1603.5064678396454
-507.2682829446441,1502.5719417052974
195.8472677140918,-2232.0012456612394
1590.0825432548975,262.85563658503077
940.5606668839229,-293.888269476027
1564.9834926262106,261.776245218611
1568.0258932925076,243.51213845410203
-479.7091652980175,1548.5585338777562
197.2159245646389,-2301.0975826477184
194.16572068097312,-2244.338628162698
-491.12607143724256,1576.7925843103274
1556.3376093685238,190.4299111782171
-455.2598590599572,1504.1566115979977
-460.6564509305902,1592.000458771738
954.5984740880592,-279.8331313708041
172.8732151328627,-2274.6432827722924
940.8880688520194,-275.7975663784447
-505.1202095830326,1600.4269482335606
219.19305896570725,-2257.165558069795
189.78186665731494,-2268.8327505455527
945.6074191015529,-251.15093557060192
1554.8714900835153,250.99868646648875
229.5287787862261,-2243.2254756598795
943.2817946449052,-246.06409953519778
-468.9658633041443,1557.997400633873
-496.93659792351,1596.7435601493007
-460.9816022526073,1531.423160917629
956.3656285132397,-280.31741953167233
1552.1390150495174,289.5835323426318
2145.9689755960057,-776.4903230893092
946.8174805074831,-261.085108615093
2030.8765364782687,-700.0104159621994
186.04302914123133,-2282.2123975078907
-500.4562505032683,1585.306616114058
209.6044714409343,-2243.8735231293454
2118.5044390005773,-765.5886096656219
-451.45036834429925,1574.4097507299925
-475.78035476384224,1543.0833681046145
1578.2578564231833,136.74187732981704
146.41566322938033,-2269.9553489515024
2164.7461116264726,-718.9783810676616
948.9845818174891,-273.4882558681861
2195.094583749498,-783.9606662156859
164.2438929566119,-2277.431324112313
206.88989620248938,-2258.0561124046194
-496.42088468054806,1547.4257441158634
192.384600796487,-2280.7724533732626
944.8836521194972,-331.67452042738245
222.45680423608545,-2257.116135824522
1606.9522952928398,189.6835061934726
198.53243674126958,-2241.2136097642097
189.73475424049565,-2284.542598024993
221.78779086444735,-2282.912079483651
155.21313154967459,-2270.0379370896903
170.05648394164345,-2294.6992383365027
1559.0393378001465,220.61260839721626
-472.20896543974203,1568.3125832890944
-511.25928661649465,1568.5065502231926
-468.4257174200061,1533.446154019465
-505.9799345908359,1549.149990915352
-514.320436537522,1570.990034113881
941.5324115206166,-326.7360248600172
-478.88656801382643,1577.038907367993
2127.472911452151,-807.9212592960888
1564.254210531691,200.4168843476861
936.1199361239374,-289.9286061599813
2163.063568715228,-740.2511134191059
145.21453896803447,-2276.335019825128
-501.1880658240978,1561.4440197869533
2158.846599582201,-725.8000315372237
2037.5863368207479,-680.3806599746307
210.43880714971667,-2275.139921282066
1556.5137679809673,192.72594480265155
1550.4517096374807,217.91452956187536
-514.6675594044659,1554.6799669114375
-549.9903626676936,1591.0014851871672
210.2027877262327,-2254.2673588397424
1566.1477949803057,261.0477114256912
186.0104404747958,-2283.4901502522584
223.04241902486217,-2265.6683113610975
1601.0132403104994,184.6650622970174
218.27912056693816,-2279.796929183078
2093.1490810461505,-782.0984689285938
160.49262295372003,-2255.262406347228
200.7056728044098,-2239.232217243153
1552.4342158278955,175.390406117501
-485.1398570982152,1533.856672211936
2159.4308900257206,-747.4129520019577
2152.6969379975585,-744.6038882120713
1570.104226148821,237.24379738586322
937.6052214132085,-289.7797396961299
1577.770271255227,266.56824629293345
-505.8124180601776,1527.4465833900338
1569.2514023127917,315.7703924307725
1561.958728685121,237.96194812097858
1542.8341685550963,241.1150980335846
-538.4585574117025,1531.943648502957
1582.9779590148394,276.6096016805346
2109.3051175767478,-739.3695955167743
2106.0848089103342,-705.1411327789059
2133.3370188004983,-777.3591506699984
-527.0507714992074,1582.3440255548621
222.38115718261702,-2245.8883841834127
2144.664814050972,-761.0276273956194
1574.316500055035,222.08861344767215
-477.00037200748517,1526.9266604010445
2174.7458320486294,-804.5545741709354
2083.5882722265633,-752.9639598216888
2096.3240758360034,-780.1239943838827
2058.636011778859,-717.2641328441274
193.12188930429218,-2278.6983144687815
1558.0753716412103,186.9625906022026
182.4817539003499,-2273.1574164610784
193.69631214941825,-2262.7330184715
-520.0681930217961,1554.1378942760462
1568.4311383266997,251.02087922357333
1590.0318644747958,232.85930403078282
213.63084339580047,-2273.338504233204
215.9767050656125,-2271.4024910257126
200.1473508712035,-2265.7146926505648
149.22073346196072,-2268.857067427034
176.03935293687636,-2315.327561914626
926.2069581456609,-225.56844813639958
-490.35352142537346,1598.9784897151096
189.7423665220824,-2312.4844108215593
-504.37369850313206,1626.3316623112348
937.6606149276915,-243.13444208994275
208.44018758809514,-2280.6219197371524
2129.7554911788334,-747.8019982483315
2212.872597444223,-776.1266882516959
214.07086341221202,-2315.644754928369
923.1060525806371,-282.44691010747835
2102.391986982941,-773.7453677119755
-501.4835009882409,1612.8759907861975
2148.84568829726,-801.4834160973505
-474.13301980870057,1599.204706729549
931.469866342836,-325.57409106541934
989.3438014651301,-219.38160074315186
946.3555902313774,-290.41398611634173
181.80355786105,-2255.5436376432317
2122.185025333437,-822.5557721183916
1567.2792994020858,219.731496853428
1574.1521642579457,190.21812876796682
208.74373236444805,-2288.1197899937756
949.9792706289903,-324.3255054390786
-498.1324281813029,1562.689093812628
929.3004753825245,-263.37140681434016
-487.91109980203595,1537.2668202289178
953.3004955212882,-262.6648578889314
1588.4651556205795,229.95539148509516
174.62916854935634,-2252.605531190764
-475.5265870945283,1517.2313215179508
1577.537609341514,254.02700438253203
2143.553730606438,-775.6110742809117
-490.6559672822431,1543.5193218594854
1577.0837296726836,226.15258412334535
169.88933319850045,-2296.7963234956374
-493.67446766333376,1527.9818136093822
167.4682676864367,-2265.842042114281
945.5778921609572,-244.51010247407018
926.0059435598857,-271.02688876206554
1560.0638405986858,281.2840859720653
2173.1686913321614,-724.3306234773893
178.11567604295965,-2252.128896757109
1547.2468247558206,237.77558044894263
2133.201608648014,-740.7217041553688
1591.469921351169,263.2457092018203
1582.6800355823382,165.38480964404553
155.26299231645876,-2284.498633799106
2155.8993209654054,-786.3054293957068
1585.5544617303813,218.2697187828815
1577.6591513837252,195.30940808726925
974.4470233739031,-263.0833406169903
1570.4145606157708,230.03475055388324
954.1501792893007,-294.49219876083464
-529.0705712216637,1577.226488085183
935.731614996042,-288.72974475092195
952.9059814781853,-237.46817418864595
920.9842043217111,-287.7207267142941
1556.1360859102244,201.00402826294126
1586.7809617927903,150.2201315348202
1609.487561397442,178.37410211315404
966.5322589368784,-297.471190807339
169.13448992527228,-2281.1287842935612
1579.5980577512466,242.5967553030952
160.12362360363835,-2291.2897463176582
954.8662475530027,-298.7629328047127
958.4007741498679,-263.09842565812755
1589.7112711345994,224.63261849395178
-515.4740587164906,1575.1475022837071
913.390708184242,-219.8841955400946
226.52210707244893,-2267.7182330249843
2145.873364382791,-746.0591541122035
2177.05200054654,-779.156927688029
917.0853066891677,-281.25858150342884
-536.7725779501454,1524.2337197378286
948.9831852993709,-241.79807502747974
-478.2102686689145,1545.0282362813402
-453.8185911382895,1589.5747708095862
